0.007772021
0.034334764
0.02259887
0.006150062
0.054114994
0.004279601
0.059859155
0.039054471
0.010152284
0.006505576
0.071044133
0.067683508
0.077205882
0.048492792
0.040556199
0.042236025
0.025862069
0.00498008
0.020283976
0.041628122
0.016129032
0.006392694
0.014367816
0.002380958
0.006423983
0.008429926
0.012091898
0.224025974
0.043043043
0.077793494
0.043124491
0.010714286
0.047433793
0.003405221
0.007157881
0.011608624
0.004370629
0.009375
0.06295754
0.04788601
0.033707865
0.007081039
0.019650655
0.008842444
0.005025126
0.016553067
0.030583874
0.003337041
0.02173913
0.040114613
0.017958412
0.005974608
0.028846154
0.030139935
0.088315217
0.03313253
0.004255319
0.113537118
0.067262385
0.264775414
0.005270092
0.010582011
0.010380623
0.035714286
0.022535211
0.00776699
0.006458558
0.019253911
0.029045643
0.053127471
0.006097561
0.005163511
0.016018307
0.005856515
0.007109005
0.014388489
0.004524887
0.007314525
0.00536193
0.011410788
0.004656577
0.004384907
0.041749503
0.009269988
0.015625424
0.024834437
0.005484461
0.030755712
0.019264448
0.00660066
0.028735632
0.005470758
0.004411765
0.061666667
0.008588957
0.004464286
0.058116232
0.054192229
0.062266501
0.040264345
0.020280811
0.004519774
0.011201629
0.028230185
0.00443459
0.026272578
0.084970269
0.10738255
0.048022599
0.037583893
0.019207683
0.175662414
0.037284895
0.172335601
0.047328765
0.009541985
0.01150748
0.019906323
0.006377551
0.00794702
0.008960573
0.008504611
0.049484536
0.01551481
0.01280683
0.004960317
0.002944063
0.005249344
0.075757576
0.003350682
0.182659933
0.1
0.028969957
0.004444444
0.006426735
0.052631579
0.027642276
0.039370079
0.024577573
0.028263795
0.005181347
0.006426735
0.005923007
0.035448388
0.006037199
0.130009775
0.134361233
0.010247659
0.014912281
0.004472272
0.017721519
0.184510251
0.047222222
0.007905138
0.104072398
0.003875969
0.003896104
0.051212938
0.014190317
0.012618297
0.00923361
0.420972644
0.059548255
0.058353317
0.004065041
0.013777268
0.025036819
0.187635575
0.030973451
0.137496098
0.048938135
0.038043478
0.020933977
0.020292208
0.235942668
0.059701493
0.068886338
0.006904488
0.281413613
0.007364975
0.008894536
0.009174312
0.009985735
0.134986226
0.543227666
0.153979239
0.019035859
0.008163265
0.00619195
0.014541387
0.00550055
0.071666667
0.04248366
0.038310413
0.08974359
0.007742704
0.004149378
0.011891892
0.044603033
0.007822686
0.008421053
0.227882038
0.021452145
0.054666667
0.021035599
0.048780488
0.039215686
0.057632399
0.257874016
0.023219298
0.048171276
0.071889401
0.009389684
0.130434783
0.03974359
0.004587156
0.090983607
0.26013986
0.4184514
0.122605364
0.004813589
0.00372093
0.027372263
0.01171875
0.025835866
0.007829978
0.01774043
0.006937562
0.009451796
0.018025751
0.096643325
0.01884058
0.036832413
0.194392523
0.007104796
0.028257457
0.178107607
0.032258065
0.028021016
0.00306409
0.007616975
0.005494505
0.004669261
0.011183597
0.069461078
0.208672087
0.261290323
0.03755534
0.142322097
0.009448819
0.012244898
0.008285106
0.103482587
0.028972783
0.008097166
0.058252427
0.007829978
0.137829912
0.002683363
0.008321775
0.100795756
0.090628218
0.004550626
0.014681892
0.027216174
0.067812798
0.01037746
0.018406413
0.034029389
0.133426966
0.021833468
0.04866562
0.005072899
0.032069971
0.002793296
0.004210526
0.111570248
0.00648824
0.075144509
0.008474576
0.158431373
0.053133129
0.193375112
0.068584071
0.016793893
0.162703379
0.021367521
0.006795017
0.040084388
0.007444169
0.010802469
0.02303263
0.082408875
0.009358289
0.009411765
0.008752735
0.02851711
0.080707148
0.010280374
0.005371531
0.187043796
0.066808059
0.011166253
0.020703934
0.023529412
0.003466205
0.022813688
0.048459551
0.152391546
0.008519702
0.182502352
0.068292683
0.01551481
0.029806259
0.078504673
0.011319198
0.005291005
0.008639309
0.004512635
0.004538578
0.006060606
0.015426497
0.067759563
0.07717303
0.006915629
0.010976948
0.027803522
0.098823529
0.118020305
0.008306442
0.009960159
0.005210211
0.009408602
0.120325203
0.088316971
0.007309942
0.002514669
0.015825915
0.019017433
0.005947955
0.027327071
0.007398274
0.276363636
0.008501594
0.003802281
0.015665796
0.010532253
0.007897335
0.004371184
0.009950249
0.062632696
0.149478563
0.003741815
0.015909091
0.009049774
0.041785375
0.005202914
0.062827225
0.03047619
0.024390244
0.049848169
0.014209591
0.009223674
0.010989011
0.019875776
0.006410256
0.012682927
0.007106599
0.034762457
0.085990338
0.006504065
0.004118051
0.011074197
0.012670565
0.106112054
0.121971596
0.013675214
0.017563117
0.011261261
0.023779725
0.0484375
0.123986095
0.022875817
0.125092524
0.010040161
0.01431127
0.009118541
0.023578363
0.012953368
0.009874327
0.008088979
0.015588465
0.060344828
0.053650387
0.019029496
0.013177873
0.083437111
0.046956522
0.004297994
0.209492635
0.0228471
0.005063291
0.015330189
0.005484461
0.009389671
0.026863085
0.12935883
0.011891892
0.002838221
0.007228916
0.012396694
0.015822785
0.016304348
0.070007955
0.023554973
0.01194354
0.16
0.011235955
0.01369863
0.008985879
0.02293578
0.021782178
0.003738389
0.009633911
0.00804829
0.002927008
0.017130621
0.045620438
0.096774194
0.07184466
0.145374449
0.050583658
0.092205323
0.095185996
0.01758794
0.050278964
0.003058104
0.014150943
0.045563549
0.013245033
0.009473684
0.127306273
0.10391363
0.012185834
0.011164274
0.014173228
0.016216427
0.111690786
0.085714286
0.006361323
0.008623154
0.01659292
0.027777778
0.002665908
0.047984645
0.006377551
0.049319728
0.021857923
0.0155902
0.121555916
0.415865385
0.043869516
0.006112469
0.005788712
0.007223942
0.004448399
0.014677104
0.023686921
0.046296296
0.068115942
0.173434856
0.159253945
0.153728191
0.010752688
0.01309329
0.041948579
0.003642987
0.010452962
0.038374718
0.070175439
0.007874016
0.007067138
0.006125574
0.006443299
0.003225806
0.019851117
0.010016694
0.716713881
0.029829545
0.013414634
0.007702182
0.01189387
0.006880734
0.009650181
0.135775862
0.004310354
0.002382844
0.006499536
0.007130125
0.224858757
0.03511236
0.238341969
0.012479201
0.012939002
0.03021978
0.007716049
0.014842301
0.006749156
0.018604651
0.02733119
0.054193548
0.018072289
0.007972665
0.00591716
0.003537756
0.034253092
0.033241252
0.041033435
0.057142857
0.030487805
0.087301587
0.338403042
0.069546891
0.017647059
0.018018018
0.003870968
0.007772021
0.00802139
0.002859867
0.004032258
0.05204461
0.015274034
0.010796221
0.106031128
0.041666667
0.089855072
0.047966551
0.126040428
0.021220159
0.012895662
0.028907923
0.02875
0.017874876
0.036290323
0.003432494
0.002944063
0.006075334
0.002840919
0.038235294
0.005107252
0.127041742
0.055555556
0.007653061
0.173061008
0.002926829
0.156295224
0.496493689
0.029411765
0.036585366
0.084016393
0.045407637
0.007769145
0.028419273
0.092265943
0.019746121
0.023923445
0.02228164
0.012394083
0.029005525
0.023282887
0.008645533
0.166101695
0.011861314
0.046863431
0.049088359
0.026497243
0.015037594
0.021176471
0.010714286
0.021111111
0.008431703
0.003690037
0.3727162
0.043307087
0.01193634
0.003058104
0.006024096
0.008042895
0.023842917
0.010457516
0.007075472
0.010309278
0.116868798
0.048750671
0.033936652
0.04
0.145942408
0.034305317
0.007334963
0.013681592
0.048543689
0.098634294
0.017054264
0.037401575
0.136063584
0.047518316
0.007434944
0.075063613
0.123670213
0.099585062
0.076368876
0.005517241
0.005208333
0.008344924
0.005617978
0.122330097
0.006861063
0.071428571
0.006060606
0.030888529
0.013392857
0.003865979
0.003033367
0.003957784
0.004390613
0.003805899
0.009067358
0.006198347
0.021990741
0.080855019
0.024208566
0.049921997
0.028037383
0.010588235
0.00660066
0.005342832
0.01147541
0.007263923
0.075842697
0.018007203
0.004024145
0.006762468
0.007662835
0.066009954
0.007043951
0.042081949
0.030505243
0.136654788
0.02299908
0.032902468
0.261219793
0.0375
0.008974359
0.009041591
0.006259781
0.005902192
0.005747126
0.014227642
0.007641921
0.004262575
0.179960297
0.045814935
0.013257576
0.344978166
0.0260631
0.041121495
0.008168028
0.134883721
0.0171278
0.003683241
0.005471956
0.016129032
0.051181102
0.010233918
0.246024127
0.120879121
0.019390582
0.007418398
0.006772009
0.008561644
0.027428571
0.037470726
0.049206349
0.014925373
0.016393443
0.004622496
0.090841325
0.069828722
0.123434705
0.033092037
0.057471264
0.012738854
0.027079304
0.002314815
0.00933126
0.022727273
0.040219378
0.031307551
0.018461538
0.108651911
0.107195301
0.045070423
0.319845857
0.076826196
0.004395604
0.010491178
0.009090909
0.006263048
0.011976048
0.066287879
0.008038585
0.012867647
0.005405405
0.03006012
0.01183432
0.010498688
0.157683086
0.049940547
0.010152284
0.183641975
0.028282828
0.02173913
0.031657356
0.010230179
0.052147239
0.004132231
0.003728292
0.005772006
0.01446281
0.226751592
0.283216783
0.009244992
0.045506067
0.016591252
0.00968523
0.007554297
0.005197505
0.004761905
0.057497182
0.004821601
0.004431315
0.011937557
0.005633803
0.2
0.023121387
0.015911873
0.02
0.166145158
0.007142857
0.009854585
0.006525285
0.013374486
0.100294985
0.014869888
0.061183551
0.004076087
0.016453382
0.010989011
0.019827586
0.022869023
0.06116208
0.037321286
0.032769556
0.011131725
0.010144928
0.007310108
0.01446281
0.033846154
0.008221994
0.064885496
0.007352941
0.011204482
0.013232514
0.006265664
0.006079027
0.012782694
0.014084507
0.025819265
0.015217391
0.03986711
0.01875
0.107142857
0.016736402
0.021702838
0.024504084
0.016967126
0.005226481
0.249612403
0.01758794
0.059490085
0.01
0.017369727
0.119096509
0.017513135
0.015761821
0.008665511
0.0063593
0.005660377
0.004746835
0.022608696
0.228132566
0.021686747
0.026350461
0.013089005
0.010028653
0.016819572
0.033416899
0.0096
0.007272727
0.006915629
0.085790885
0.008706468
0.013675214
0.009160305
0.004444444
0.019099591
0.011320755
0.023162183
0.066257669
0.331797235
0.091811414
0.045045045
0.013872832
0.080394922
0.078801332
0.051080565
0.004940711
0.011472275
0.021686747
0.003314917
0.093220339
0.012936611
0.021016342
0.006944444
0.011516315
0.013043478
0.053941909
0.011789925
0.025025025
0.010330579
0.077306733
0.020080321
0.010928962
0.011037528
0.007974482
0.032303371
0.016853933
0.009345794
0.117732558
0.228571429
0.101973684
0.070934256
0.028355388
0.009259259
0.010903427
0.010335917
0.016806723
0.008130081
0.006896552
0.005706134
0.036124795
0.187086093
0.004689332
0.025532377
0.009149131
0.014322917
0.006595331
0.021001616
0.012113055
0.041791045
0.00789177
0.008014248
0.013392857
0.009661836
0.032
0.019855596
0.017377567
0.052469136
0.007802341
0.024154589
0.008238929
0.041884817
0.060388946
0.031847134
0.034447077
0.071502754
0.07641196
0.071428571
0.015625
0.108552632
0.019672131
0.010321101
0.004711425
0.065196608
0.004531722
0.043672014
0.003816794
0.007111111
0.002336449
0.023809524
0.006352431
0.013276808
0.060959792
0.023255814
0.184228039
0.077154309
0.053916582
0.086142322
0.008849558
0.006980803
0.019493177
0.00856531
0.013303769
0.00754717
0.015283843
0.014018692
0.009950249
0.088446077
0.02955665
0.129580884
0.076116098
0.081355932
0.021645022
0.023012552
0.008928571
0.014115092
0.006097561
0.072156955
0.01793722
0.011627907
0.005081301
0.017690875
0.061243144
0.020292208
0.016059957
0.034965035
0.050397631
0.125959739
0.037296037
0.024242424
0.013888889
0.029378531
0.005312085
0.009433962
0.00608828
0.0509684
0.018558952
0.003125
0.006317736
0.045628745
0.02056962
0.137465932
0.003420753
0.069404412
0.025751073
0.090400746
0.02294686
0.04474351
0.005686331
0.021220159
0.004070556
0.012787912
0.010180995
0.044794189
0.066666667
0.048101266
0.006696429
0.011627907
0.014457831
0.03313253
0.005964215
0.005633803
0.007856341
0.014807183
0.048693587
0.019869951
0.01020129
0.025
0.015410959
0.038338658
0.061797753
0.048492792
0.011873351
0.003699137
0.00617284
0.008650519
0.007882883
0.132264529
0.054658385
0.194801836
0.01607717
0.006944444
0.077186964
0.007117438
0.008347245
0.014619883
0.025083612
0.007155635
0.033928571
0.005802708
0.012857143
0.006791171
0.128730296
0.111864407
0.22513089
0.048431879
0.008474576
0.004950495
0.010558069
0.010204082
0.007905138
0.02528445
0.014605648
0.019588639
0.043699187
0.040389972
0.406824147
0.089904129
0.005042017
0.015037594
0.033334467
0.013592233
0.007150153
0.032069971
0.012222222
0.016928658
0.027093195
0.054684097
0.036476868
0.187588152
0.036697248
0.019402985
0.016080393
0.018759019
0.104225352
0.022497188
0.010496183
0.137149028
0.016059957
0.046692974
0.075301205
0.004940711
0.086585366
0.018518519
0.01865285
0.014381592
0.123978202
0.01397138
0.035460993
0.041899441
0.011615628
0.012796761
0.043708609
0.147107438
0.065927635
0.269746647
0.007982094
0.02484472
0.029150824
0.012820513
0.003807107
0.02285192
0.007590133
0.111583422
0.011587486
0.005440696
0.115044248
0.0069869
0.024291498
0.146271511
0.007220217
0.008557457
0.010540184
0.013489209
0.042997543
0.020376176
0.031578947
0.046031746
0.007005254
0.097116844
0.028368794
0.00761035
0.00792393
0.081491713
0.017713366
0.009868421
0.004451039
0.087452471
0.03
0.004054054
0.078296703
0.060141509
0.071507151
0.149506347
0.017316017
0.013793103
0.009478673
0.021080405
0.019726859
0.009541985
0.039954338
0.055873926
0.009221174
0.025316456
0.138576779
0.06496063
0.050007087
0.006872852
0.004830918
0.043141593
0.093506494
0.070898599
0.004983389
0.016824395
0.00855615
0.025062657
0.003673095
0.007887818
0.007446809
0.010650888
0.167765568
0.003456221
0.009225092
0.012841091
0.010135135
0.013937282
0.027322404
0.002795899
0.004616805
0.003381234
0.053864169
0.006637168
0.011235955
0.4224
0.340659341
0.021420519
0.013745704
0.027211338
0.069892473
0.01773399
0.036253776
0.045454545
0.018773467
0.039215686
0.037313433
0.123393316
0.02826087
0.050064185
0.003861004
0.004790419
0.00678733
0.011916584
0.024859663
0.011749347
0.02585034
0.007326007
0.009377289
0.010899183
0.067080745
0.003639672
0.008510638
0.005102041
0.371868979
0.006737247
0.209964413
0.036383682
0.170483461
0.004956629
0.002314815
0.05053085
0.021276596
0.309466985
0.092158448
0.005662514
0.011925043
0.032531825
0.012032086
0.009779951
0.036575229
0.036677454
0.003147954
0.010830325
0.04743083
0.048465267
0.068100358
0.099435028
0.033686788
0.041463415
0.024427316
0.022222222
0.010135135
0.014744146
0.013445378
0.003587444
0.016036655
0.003649635
0.006980803
0.009443861
0.004678363
0.016806723
0.033175355
0.005656109
0.016797312
0.004504505
0.017612541
0.008249313
0.008108108
0.007534984
0.005736138
0.014568158
0.017828201
0.027247956
0.068100358
0.038474253
0.014025245
0.047389558
0.094370861
0.008298755
0.01344086
0.003148009
0.035541195
0.030357143
0.003322259
0.061744966
0.010351967
0.009020619
0.003325942
0.002566296
0.053315995
0.002678571
0.005825243
0.086131387
0.00990099
0.093904448
0.16
0.016611296
0.058823529
0.008313539
0.035294118
0.025089606
0.007112376
0.00732899
0.023214286
0.008937438
0.012658228
0.03125
0.016835017
0.05399568
0.015584416
0.016997173
0.035629454
0.007648184
0.012787724
0.034042553
0.003773585
0.045535714
0.009746589
0.129032258
0.052287582
0.023904382
0.020280811
0.007984032
0.005938242
0.011111111
0.172859451
0.010909091
0.006613757
0.005736138
0.010575793
0.028312571
0.004860267
0.025466893
0.005312085
0.010446344
0.006779661
0.023638232
0.00541272
0.007058824
0.048676345
0.010683761
0.008213552
0.010967099
0.221518987
0.007525084
0.002747253
0.009724473
0.01035503
0.046997389
0.029620853
0.004932182
0.008985879
0.024647887
0.018645731
0.013793103
0.008230453
0.010180995
0.031273269
0.015647226
0.137440758
0.080381471
0.015219338
0.031809145
0.004069176
0.055158325
0.094262295
0.008419083
0.086597938
0.033613445
0.013002364
0.013474495
0.108910891
0.008514664
0.011122346
0.043771044
0.003825555
0.008522727
0.012808783
0.041304348
0.075075075
0.008205128
0.016877637
0.006968641
0.006896552
0.005347594
0.006097627
0.012765957
0.100300903
0.053106212
0.025662252
0.089673913
0.049763033
0.184798808
0.009205984
0.038167939
0.004479283
0.012964564
0.003509591
0.004255319
0.011351909
0.028571429
0.005134788
0.015602837
0.022767075
0.062287656
0.010690789
0.009544008
0.009881423
0.004595588
0.007980846
0.215361446
0.155913978
0.078991597
0.005484461
0.033244681
0.009485095
0.004970179
0.004322767
0.018796992
0.04432133
0.041392286
0.122112211
0.043478261
0.01240458
0.107196402
0.019711339
0.050699301
0.014450867
0.04041721
0.003171247
0.010434783
0.003659652
0.048417132
0.005698006
0.004410143
0.04159132
0.006066734
0.005924171
0.006930693
0.031205674
0.009320905
0.009372071
0.029043524
0.091051805
0.045597484
0.291592129
0.006640106
0.012295082
0.011782032
0.017021277
0.005555556
0.003546099
0.017726799
0.002909796
0.019172553
0.002824859
0.011650485
0.005882353
0.007252947
0.084507042
0.009081736
0.011619463
0.005144033
0.046181172
0.015544041
0.004016064
0.012867647
0.056737589
0.022357724
0.006808511
0.014201183
0.263748597
0.043110735
0.054120541
0.035587189
0.081034483
0.005154639
0.014792899
0.004357298
0.005428882
0.009779951
0.015988372
0.011889036
0.011750881
0.013812155
0.007519514
0.086693548
0.038961039
0.043428571
0.060114504
0.013423005
0.00498132
0.005060729
0.029126214
0.022255193
0.073369565
0.007246377
0.005560704
0.007838746
0.010582011
0.008189263
0.024154589
0.013020833
0.006802721
0.01119403
0.080487805
0.016467066
0.014381592
0.144502618
0.014925373
0.010428737
0.0056926
0.011160714
0.02852349
0.037626628
0.012569832
0.015447992
0.003229279
0.008305648
0.012235818
0.064785789
0.007502452
0.009138381
0.004149378
0.219909502
0.0390625
0.015978695
0.005335366
0.002647838
0.019323671
0.009269988
0.04
0.006153846
0.002597403
0.011198208
0.087475939
0.029411765
0.026490066
0.030801802
0.075757576
0.005371531
0.111308994
0.032078103
0.010294118