0.005194805
0.095
0.001861331
0.068047337
0.0192
0.016987542
0.004920049
0.002608696
0.019076305
0.01494396
0.013239875
0.037323037
0.046223224
0.019417476
0.011286682
0.003112033
0.006586169
0.040219378
0.006603774
0.04415011
0.009380863
0.006178288
0.010204082
0.01665345
0.011379801
0.024
0.012145749
0.016685206
0.006038647
0.020134228
0.00382263
0.017077799
0.034912718
0.052173913
0.033880903
0.008928571
0.007131537
0.010471204
0.017460317
0.01880531
0.012820513
0.022792023
0.003151261
0.007228916
0.004709576
0.054347826
0.01431127
0.014814815
0.018412187
0.012139605
0.064995357
0.037037037
0.149700599
0.006355932
0.003476246
0.159003831
0.004826255
0.005995204
0.006750241
0.006822612
0.008080808
0.014516129
0.100529101
0.007082153
0.040697674
0.005
0.006036217
0.079724409
0.008403361
0.07839196
0.016014545
0.007928642
0.00938233
0.008090615
0.014796547
0.033550792
0.012552301
0.002819549
0.014511873
0.012061404
0.005695688
0.003220612
0.007901668
0.037946429
0.013400335
0.235678028
0.009142053
0.016055046
0.005545287
0.010354033
0.016314779
0.005876592
0.008264463
0.018918919
0.009118541
0.017906336
0.014348786
0.008680556
0.006227758
0.005563282
0.002487562
0.024561404
0.004219409
0.028205128
0.007262164
0.004333694
0.012753079
0.010620915
0.005847953
0.003322259
0.112426036
0.004604758
0.027283511
0.196182971
0.007658643
0.029978587
0.085910653
0.060465116
0.044933921
0.014876033
0.009677419
0.015027322
0.005810623
0.02173913
0.007633588
0.006385696
0.015056462
0.005333333
0.006326286
0.006791171
0.011627907
0.026785714
0.006837607
0.013675214
0.248908297
0.031420765
0.017907634
0.010416667
0.006235386
0.01025641
0.045988258
0.021929825
0.007194245
0.032384691
0.016944759
0.07028754
0.011764706
0.01142132
0.06547619
0.028017534
0.033919598
0.015936255
0.019583843
0.005882353
0.004788508
0.006979063
0.005324814
0.031171019
0.00245098
0.00477707
0.013351135
0.084615385
0.101895735
0.045822102
0.005988024
0.006741573
0.024093097
0.021828104
0.002685765
0.007774538
0.004012841
0.040582726
0.074626866
0.006633499
0.009211873
0.058765916
0.016008538
0.157347204
0.176565008
0.019354839
0.008536585
0.004296455
0.040376851
0.006299213
0.008343266
0.003611667
0.064899452
0.04708798
0.007025553
0.009345794
0.022199798
0.016966068
0.017482517
0.005524862
0.034638554
0.213846154
0.008305648
0.04197901
0.007174888
0.015668203
0.024597919
0.005940594
0.055181696
0.005351682
0.002606429
0.082998661
0.007194245
0.086486486
0.012893983
0.109243697
0.045735476
0.009466437
0.007281553
0.003883495
0.012728279
0.030792918
0.007359706
0.1121673
0.028225806
0.030789826
0.028070175
0.011816839
0.005018821
0.006018054
0.011673152
0.007680492
0.087286528
0.033333333
0.004634994
0.176829268
0.007569386
0.00944206
0.012750455
0.050290135
0.04
0.035386448
0.014106583
0.016447368
0.183353438
0.028050491
0.033426184
0.051482059
0.104587156
0.036144578
0.012048193
0.01980198
0.009432016
0.026533997
0.071076012
0.005995204
0.012578616
0.09502924
0.013431013
0.083333333
0.00776699
0.15467075
0.023850085
0.08348135
0.012079693
0.011583012
0.00748363
0.116514691
0.007075472
0.016689838
0.00795053
0.017003188
0.011715481
0.012232416
0.007670182
0.047690015
0.137813212
0.044790652
0.041580042
0.137362637
0.003849036
0.003754693
0.124708625
0.018181818
0.020642202
0.015873016
0.011299435
0.013111888
0.094405594
0.016
0.101041667
0.016528926
0.007092199
0.01396348
0.039930556
0.011647255
0.006329114
0.019101124
0.025583982
0.005570597
0.022792023
0.007543103
0.014675052
0.008498584
0.016541353
0.015238095
0.004699248
0.004040404
0.004604052
0.03164557
0.020064205
0.009720535
0.013667426
0.00996264
0.011544012
0.021578584
0.016961139
0.05648855
0.044041451
0.004922644
0.004504505
0.004846527
0.04973822
0.02367531
0.023758099
0.044063647
0.015772871
0.004381161
0.012640449
0.004852925
0.015625
0.009761388
0.004440497
0.013043478
0.029772329
0.035166887
0.015731546
0.088835534
0.006377551
0.009267841
0.011627907
0.010590015
0.004468275
0.004545455
0.016172507
0.002415459
0.028769841
0.011042945
0.002982107
0.017301038
0.017915309
0.022458629
0.025641026
0.010882709
0.014285714
0.056281407
0.015822785
0.017199017
0.00389362
0.005172414
0.009852217
0.00856531
0.015763547
0.014888337
0.052973978
0.015968064
0.036450079
0.009057971
0.028230185
0.00886918
0.029850746
0.008379888
0.00867052
0.060017456
0.007616975
0.009871668
0.019690577
0.01488498
0.025412961
0.015572859
0.013559322
0.027619048
0.004054054
0.022144522
0.014164306
0.030201342
0.006830733
0.010460251
0.068062827
0.008832188
0.007972665
0.012379642
0.017811705
0.007644197
0.005172414
0.005573248
0.005859375
0.023731588
0.019455253
0.077101002
0.094147583
0.018803419
0.009237875
0.005856515
0.008915305
0.008830022
0.015274949
0.005128205
0.005294507
0.004318594
0.016209476
0.006641366
0.008547009
0.011281225
0.033755274
0.010316875
0.007890961
0.111012433
0.031900139
0.046237534
0.013745704
0.009332376
0.006066734
0.020636285
0.012229539
0.046272494
0.041166381
0.022508039
0.028846154
0.005755396
0.011627907
0.007744434
0.018181818
0.006796941
0.006715917
0.036405887
0.006944444
0.007829181
0.011308562
0.026956522
0.013215859
0.00483871
0.035812672
0.009404389
0.003961965
0.044871795
0.005376344
0.003249391
0.167400881
0.036977492
0.010719755
0.004780876
0.004796163
0.162376238
0.006802721
0.019118869
0.232280102
0.018552876
0.009787928
0.003427592
0.018672199
0.02217529
0.014059754
0.007874016
0.0133869
0.006864989
0.005636979
0.007915567
0.011247444
0.01061008
0.005274262
0.009122007
0.015776699
0.004599816
0.00996264
0.012893983
0.024193548
0.013719512
0.004926496
0.011461318
0.028313355
0.016393443
0.015763547
0.00397088
0.005047319
0.005309735
0.007684918
0.020114943
0.010703364
0.012416428
0.010973937
0.006237006
0.005354752
0.015354847
0.017391304
0.024714829
0.007641921
0.011505273
0.005037783
0.00316879
0.010242086
0.008510638
0.012048193
0.014354067
0.00921659
0.008303677
0.004418262
0.005703422
0.006385696
0.011945392
0.0048583
0.01754386
0.00527476
0.003026117
0.003035599
0.011042945
0.058994197
0.02265625
0.002553077
0.012835473
0.003223207
0.030955585
0.040437158
0.013071895
0.031094527
0.024871982
0.008185783
0.140480591
0.005989482
0.122706422
0.005555556
0.00534188
0.132434576
0.033811475
0.016372796
0.004291845
0.008678881
0.006009615
0.008294159
0.046153846
0.066095471
0.01433121
0.006807867
0.02045134
0.008264463
0.016843972
0.005785921
0.012222222
0.015625
0.027149321
0.007518797
0.029714286
0.032488114
0.013651877
0.382450331
0.00304878
0.018541409
0.011111111
0.013620885
0.006369427
0.020095694
0.031695721
0.012879485
0.130952381
0.009957326
0.003172086
0.014908257
0.008462623
0.026217228
0.008894536
0.006385696
0.014285714
0.010840108
0.015822785
0.008823529
0.019668737
0.050732807
0.003561888
0.009009009
0.005208333
0.004468275
0.022170362
0.014962594
0.029023747
0.007662835
0.023706897
0.008281573
0.02764977
0.033694344
0.008474576
0.005543237
0.009126467
0.006140351
0.005671078
0.01489573
0.003245021
0.006002401
0.065296252
0.010923535
0.00845666
0.01863354
0.00470799
0.017391304
0.005212211
0.003915427
0.020618557
0.009940358
0.006521739
0.007233273
0.003249426
0.018743109
0.057873486
0.008122744
0.027815468
0.002351097
0.005371531
0.009019166
0.004869142
0.00462963
0.007111111
0.019736842
0.016460905
0.00845666
0.004158004
0.01536643
0.010835913
0.003249391
0.008888889
0.087281796
0.012950971
0.009803922
0.002757353
0.002843602
0.007462687
0.014360313
0.101596517
0.011041009
0.028248588
0.004032258
0.03817734
0.068825911
0.02535497
0.00627451
0.006467259
0.004792332
0.013402062
0.008298755
0.009674582
0.034904014
0.009916095
0.010464356
0.006339144
0.00921273
0.015132409
0.004411765
0.010416667
0.017013233
0.004149378
0.024236038
0.012684989
0.007782101
0.013537906
0.032171582
0.0048583
0.006179197
0.006920821
0.00831546
0.00807537
0.011121409
0.007978723
0.028443114
0.024249423
0.002597403
0.003398512
0.019689119
0.009468318
0.027992278
0.063291139
0.00886918
0.00656045
0.006696429
0.003244147
0.005792904
0.003450656
0.003448276
0.009845288
0.014457831
0.027642276
0.028815368
0.004678363
0.005324814
0.005695688
0.029453015
0.00543971
0.04340836
0.036484245
0.012135922
0.061814556
0.00375
0.026555387
0.006717045
0.008750994
0.006877579
0.005175983
0.02373247
0.110047847
0.00969163
0.009027081
0.089803555
0.045624863
0.007263289
0.018050542
0.073199528
0.016741071
0.013262599
0.006750241
0.0078125
0.010701546
0.006507592
0.00901714
0.003748828
0.002318393
0.01001001
0.040150565
0.01623816
0.003157064
0.007566204
0.021060842
0.021201413
0.020926756
0.005192878
0.018399264
0.017079419
0.009425878
0.009478673
0.024075666
0.005524862
0.030418251
0.030651341
0.010514019
0.008641975
0.005486968
0.003307607
0.002504174
0.051424051
0.004296455
0.037037037
0.116384181
0.007049345
0.060378632
0.04047976
0.017989418
0.067839196
0.027692308
0.005725191
0.002676182
0.015515904
0.155030801
0.006721355
0.043443282
0.003281378
0.00550055
0.002939015
0.005097706
0.004087193
0.0126369
0.004830918
0.010033457
0.042648709
0.029053421
0.009009009
0.141666667
0.004268943
0.007861635
0.013363029
0.004036327
0.024725275
0.003440367
0.019508058
0.015341702
0.009815951
0.016251388
0.066743383
0.062583222
0.018050542
0.010802469
0.023904382
0.010191083
0.018565401
0.002757353
0.006896552
0.005822416
0.024504084
0.007658643
0.011400651
0.006369427
0.021555764
0.015015015
0.023648649
0.007366483
0.007627119
0.047016275
0.033591731
0.018258427
0.010494753
0.05033557
0.012251149
0.01037037
0.006306306
0.009584665
0.014652015
0.013227513
0.004599816
0.011374408
0.023622047
0.042975207
0.015204678
0.007648184
0.009512485
0.004728132
0.014084507
0.007259528
0.03649635
0.01744186
0.007109482
0.008810573
0.023845007
0.011940299
0.006672227
0.030592734
0.006458558
0.005117707
0.009456265
0.009722222
0.004137931
0.01155624
0.002592913
0.006335797
0.005763689
0.003676471
0.006976744
0.05083089
0.009118541
0.003948428
0.015317287
0.024827586
0.019971469
0.024020228
0.016806723
0.005561735
0.00248139
0.034020619
0.003856075
0.004143646
0.018867925
0.039577836
0.010695187
0.008443908
0.008342023
0.01120797
0.013315579
0.014592934
0.005422993
0.011764706
0.013208218
0.009209517
0.009127789
0.033642691
0.012376238
0.034450652
0.011591149
0.039492243
0.033264033
0.005703422
0.017123288
0.00275989
0.004694836
0.006872852
0.012330456
0.007532957
0.031766201
0.009826153
0.00969163
0.005244755
0.013407821
0.007535795
0.008938547
0.00390625
0.005291005
0.034246575
0.004889976
0.005405405
0.053268765
0.006203749
0.116339869
0.010695187
0.007268951
0.007758621
0.066834805
0.02464455
0.031351351
0.073875803
0.010449321
0.008019246
0.057992565
0.004922067
0.020232208
0.034348165
0.008255934