0.032136106
0.031939163
0.012750455
0.113283809
0.047729022
0.01965812
0.03539823
0.007434944
0.007182761
0.098101266
0.015909091
0.011976048
0.003211991
0.002548853
0.063169165
0.017489712
0.008975318
0.0288
0.010064702
0.05278174
0.037074148
0.02081448
0.007838014
0.026078579
0.022130014
0.014863749
0.004555809
0.005747126
0.003802281
0.017045455
0.028484099
0.054890922
0.012526096
0.035823171
0.011084719
0.007187781
0.024961005
0.029555108
0.005263158
0.088183422
0.032078103
0.010989011
0.027586207
0.391304348
0.005617978
0.005451713
0.00785546
0.004329004
0.013592233
0.031365314
0.002895753
0.007352941
0.012256669
0.00248911
0.009358289
0.050113895
0.037209302
0.0152207
0.589350839
0.019725557
0.008910212
0.027938343
0.0110011
0.00802139
0.009773673
0.003275109
0.040977147
0.005459509
0.033240997
0.01404741
0.009865471
0.159836066
0.201883461
0.159134309
0.159215686
0.00814901
0.083497053
0.165714286
0.044954128
0.050724638
0.014492754
0.012389188
0.188253012
0.018087855
0.005035247
0.209677419
0.221153846
0.05560459
0.046153846
0.044444444
0.013824885
0.003621002
0.011966485
0.003742515
0.004583652
0.06853241
0.025296443
0.010664479
0.024970273
0.097261568
0.002572899
0.0271261
0.005983545
0.011130639
0.0454207
0.015260323
0.017179671
0.424124514
0.055252387
0.028685259
0.105442177
0.002594419
0.047075606
0.147186147
0.005997001
0.035823951
0.015184382
0.020779221
0.004950495
0.051708218
0.007604563
0.006244425
0.01946472
0.006069506
0.007864127
0.045454545
0.089337176
0.085365854
0.025417574
0.066100094
0.009389671
0.064183835
0.003722084
0.010914052
0.160560345
0.01161103
0.00648415
0.003293085
0.01226158
0.071242398
0.238765369
0.201483313
0.007692308
0.092592593
0.021645427
0.008830022
0.009730539
0.01450677
0.099363057
0.020016681
0.010328638
0.036414566
0.018134715
0.005439005
0.01804758
0.019004525
0.013563502
0.008517888
0.00407332
0.007395234
0.042260452
0.115803815
0.524032825
0.023904382
0.015005376
0.007401316
0.111593907
0.029090909
0.003215434
0.066872428
0.069010417
0.024365482
0.006255585
0.052532833
0.007633588
0.070652174
0.002849003
0.099465241
0.019315189
0.117266851
0.071984436
0.222549742
0.009977827
0.040236686
0.078220859
0.038718291
0.037749288
0.004338395
0.011128776
0.077823691
0.004827031
0.039416058
0.003436426
0.024141133
0.069651741
0.006276151
0.016587678
0.004916421
0.045918367
0.011754828
0.054269753
0.016380308
0.083479789
0.530567243
0.026717557
0.013157895
0.02690167
0.021853147
0.013100437
0.038812785
0.045735476
0.011235955
0.007540057
0.004651163
0.026251025
0.010027347
0.003766478
0.041597338
0.053467001
0.021657423
0.00712831
0.010457516
0.013114754
0.019589552
0.013651877
0.01059322
0.024597919
0.020111732
0.016011645
0.042363434
0.00811359
0.018416206
0.010119595
0.078534031
0.015757576
0.057654076
0.028756957
0.014150943
0.101708594
0.005240175
0.016423358
0.053807107
0.007604563
0.007343941
0.028148148
0.093058734
0.009370817
0.030788177
0.015544041
0.016032064
0.223495702
0.006224461
0.019198264
0.017475728
0.077571669
0.110824742
0.046388846
0.008344924
0.037441498
0.079449153
0.034042553
0.007181329
0.08530827
0.022759602
0.040118871
0.040506329
0.119514472
0.01779661
0.011826544
0.024769993
0.013853904
0.007124352
0.122470714
0.003688427
0.112349959
0.003074558
0.021711367
0.014511093
0.003355705
0.003348962
0.02864259
0.025641026
0.007158196
0.097674419
0.002215657
0.005921053
0.043971631
0.288762737
0.024454726
0.070588235
0.013381995
0.008658009
0.168208579
0.055075594
0.080738178
0.013245033
0.064935065
0.003622896
0.004163197
0.005997001
0.018003273
0.012544803
0.073342736
0.007832898
0.007900677
0.026618705
0.005847953
0.02170767
0.006415397
0.023550725
0.008587041
0.33908046
0.061776062
0.010537336
0.045544554
0.004038772
0.010016694
0.006066734
0.022709475
0.017432647
0.028495102
0.036906854
0.007594937
0.008213552
0.006018054
0.051512674
0.036093418
0.00861141
0.3395666
0.013223039
0.045107034
0.050961538
0.06970128
0.045409674
0.002824859
0.008737864
0.023277092
0.077299413
0.052631579
0.012106538
0.03712036
0.01164295
0.061092811
0.005192108
0.023333333
0.007049177
0.057026477
0.082742317
0.04076087
0.04041721
0.142638037
0.016336056
0.003307642
0.009497965
0.03956044
0.004324324
0.031451816
0.011518325
0.009036145
0.00754717
0.008686211
0.010761589
0.008467401
0.007928642
0.07606679
0.062140391
0.014302741
0.05489774
0.02354399
0.423033067
0.04199341
0.059642147
0.040498442
0.01984127
0.018813314
0.01620162
0.036170213
0.003397508
0.004133941
0.012232416
0.117537313
0.290410959
0.014198783
0.012121212
0.016725352
0.004366812
0.057319907
0.031897927
0.008538899
0.007597341
0.002757358
0.002235469
0.040662651
0.016233766
0.072713057
0.004249292
0.058399423
0.006475486
0.040970427
0.074352548
0.020033389
0.032493907
0.009813543
0.01064498
0.070580014
0.005751258
0.029268293
0.02739726
0.006206362
0.015625
0.037964459
0.007415254
0.01187905
0.011282051
0.022556391
0.00255102
0.031927024
0.068464705
0.128627451
0.269284712
0.115628971
0.00255102
0.006459948
0.029008954
0.024340771
0.054012346
0.018359853
0.025964392
0.07117853
0.042723632
0.025806452
0.01540154
0.005568815
0.087012987
0.056976744
0.024125452
0.040783034
0.003872217
0.005993151
0.050658561
0.00508044
0.021134594
0.033986928
0.003533569
0.005633803
0.004141839
0.065965583
0.044343599
0.381282496
0.073993471
0.042899408
0.012962963
0.008474576
0.002973241
0.014107884
0.015100671
0.014505119
0.029839327
0.222335025
0.003118503
0.013599275
0.008305648
0.046236559
0.01150748
0.004885993
0.014647137
0.00489716
0.016553067
0.056359482
0.042128603
0.029411765
0.033514493
0.020937188
0.018575851
0.010542169
0.235233161
0.031377899
0.175125792
0.071611253
0.005395683
0.004076998
0.065395095
0.126141079
0.046493902
0.080152672
0.135802469
0.0056926
0.04587156
0.149171271
0.00754717
0.065365025
0.017699115
0.032
0.161024703
0.010238908
0.101182654
0.009009009
0.017656501
0.026030369
0.0267335
0.020118343
0.007826087
0.006472492
0.003821656
0.016176471
0.291407223
0.007567568
0.22265625
0.043533931
0.005995204
0.033898305
0.013828868
0.029335634
0.085141903
0.039783002
0.264444444
0.02147651
0.019428571
0.005722461
0.029139073
0.003811584
0.029858136
0.104651163
0.029812606
0.038602941
0.013457557
0.013157895
0.060096154
0.029772329
0.034042553
0.020293123
0.006060606
0.003868472
0.005888126
0.099882491
0.610894942
0.016175071
0.009756098
0.009955752
0.006322445
0.011494253
0.002561913
0.003881988
0.003858025
0.0218509
0.038095238
0.477726575
0.062169312
0.012762078
0.014189189
0.013615477
0.007497657
0.007827789
0.004946414
0.038922156
0.006944444
0.00461361
0.047368421
0.216168717
0.031758958
0.024772915
0.328220859
0.032594524
0.040540541
0.039126479
0.014348803
0.011257036
0.006511628
0.012387387
0.01978691
0.007207207
0.010218978
0.024
0.011603376
0.003748828
0.005108557
0.41216992
0.005602241
0.054621849
0.40862069
0.005323194
0.019900498
0.002403846
0.037735849
0.003745318
0.074721781
0.092769441
0.031971581
0.010628019
0.004476276
0.023319279
0.030176899
0.011650485
0.38
0.013945857
0.042768274
0.006764374
0.084821429
0.012392755
0.003361345
0.017456359
0.019784173
0.011520737
0.006963788
0.00877193
0.004038772
0.004439512
0.00764825
0.015028902
0.010224949
0.23880597
0.068673565
0.164089347
0.073783359
0.140512821
0.150943396
0.003686636
0.014625229
0.077008929
0.038397329
0.016983017
0.049450549
0.010298836
0.009090909
0.043147208
0.041133455
0.004172462
0.188392008
0.00754717
0.140522876
0.047619048
0.011070111
0.011857708
0.078717201
0.010706638
0.003575685
0.025236719
0.003948667
0.040918164
0.007597341
0.009463722
0.01217656
0.01552795
0.105719237
0.023163468
0.010362694
0.012752417
0.002461034
0.00792393
0.004699248
0.007802341
0.00862069
0.004694836
0.004411765
0.075537076
0.063683305
0.132488479
0.070276498
0.140089419
0.155063291
0.007493755
0.035900783
0.032136106
0.011644833
0.010220092
0.011586453
0.050059595
0.022091311
0.011527378
0.005629838
0.006418485
0.007168459
0.061538462
0.028873917
0.11097852
0.023510972
0.027777778
0.139949109
0.010135135
0.003112033
0.008530806
0.005298013
0.016348774
0.00631769
0.017226529
0.002876318
0.011494253
0.295025729
0.012318029
0.295019157
0.004901961
0.013333333
0.004198153
0.017173991
0.006097561
0.0125
0.023904382
0.00464684
0.003673095
0.066606661
0.023364486
0.021276596
0.032921811
0.00969615
0.005899705
0.011387164
0.015695067
0.002194587
0.010952903
0.01068999
0.006825939
0.043600563
0.011547344
0.032911392
0.011942675
0.02375
0.030674847
0.013590034
0.002316602
0.028132992
0.003929273
0.01399689
0.01863354
0.014054054
0.03626943
0.008667455
0.039783002
0.029985007
0.00343266
0.006861063
0.025136612
0.011254019
0.046558704
0.007633588
0.097859327
0.01650165
0.003218884
0.026595745
0.00244898
0.002916515
0.003759398
0.006993007
0.005813953
0.07421875
0.008650519
0.182100057
0.02037037
0.005827506
0.006993007
0.006622517
0.011029412
0.02200489
0.198559671
0.042222222
0.020224719
0.004264392
0.004938272
0.02006689
0.022267206
0.016901408
0.147900763
0.015306122
0.244274809
0.062605753
0.142208775
0.007067138
0.012075906
0.011994949
0.004570384
0.007048458
0.013062409
0.015362107
0.007393715
0.003438395
0.016230839
0.021093001
0.007305195
0.002860412
0.023483366
0.145584726
0.003558719
0.006377551
0.00817757
0.007120253
0.004922067
0.00361991
0.046958378
0.044584645
0.028375734
0.075855689
0.012108981
0.055181696
0.099764336
0.017024426
0.084758942
0.093289689
0.012944984
0.006203474
0.024822695
0.007125891
0.026028547
0.008816121
0.014727541
0.034207526
0.007233273
0.005988024
0.063291139
0.16298633
0.062030075
0.181434599
0.011254019
0.004698968
0.04820095
0.007604563
0.055609756
0.045550847
0.01488498
0.183292383
0.041991602
0.006618532
0.004651163
0.002276608
0.002766858
0.006952491
0.009265859
0.025389025
0.189041096
0.352201258
0.021208908
0.008226691
0.007782101
0.016861219
0.019033675
0.011585807
0.018257261
0.034709193
0.009777778
0.006410256
0.010456274
0.24611399
0.008433735
0.026217228
0.034136546
0.029021559
0.02811245
0.013265306
0.00427716
0.104355717
0.018041237
0.01199262
0.091964286
0.004970179
0.005738881
0.083333333
0.067146283
0.01465798
0.093830334
0.092426187
0.015172414
0.013064133
0.02640264
0.046666667
0.005046257
0.03974122
0.003129891
0.006457565
0.070588235
0.029336735
0.008547009
0.011695906
0.012195122
0.035714286
0.021648626
0.01192053
0.005347594
0.024
0.025785657
0.233134073
0.031307551
0.100342075
0.036697248
0.016267123
0.031746032
0.035187287
0.126689189
0.006711409
0.006122449
0.013186813
0.022719354
0.027227723
0.161131611
0.139896373
0.076376554
0.037552156
0.008156607
0.008442777
0.004285714
0.02238806
0.013259669
0.012644889
0.012820513
0.011695906
0.003149614
0.014790468
0.00777605
0.023696682
0.013888889
0.007222633
0.031638418
0.015217391
0.018026565
0.003754693
0.125340599
0.338010204
0.007112376
0.166315789
0.006299213
0.00872818
0.013062409
0.02
0.035063114
0.019891501
0.08
0.01980198
0.017130621
0.041522491
0.005701254
0.05210643
0.042979943
0.0237691
0.028428094
0.029978587
0.00862069
0.049327354
0.021021021
0.004709576
0.011363636
0.004909984
0.02247191
0.038095238
0.010040161
0.006482982
0.007022472
0.021400778
0.019736842
0.016949153
0.012875536
0.003989362
0.017142857
0.008988764
0.013850416
0.02724359
0.009324009
0.008417508
0.011299435
0.007575758
0.114583333
0.009803922
0.009424236
0.006825939
0.02
0.013452915
0.006315789
0.021146601
0.004784689
0.011811024
0.018108652
0.144607843
0.012640449
0.323838081
0.01171875
0.01953125
0.018276762
0.021825397
0.005042017
0.005747126
0.006060606
0.013363029
0.092307692
0.018705036
0.009950249
0.090909091
0.130650579
0.082321188
0.084880637
0.028694405
0.015086207
0.092592593
0.017307685
0.007142857
0.011235955
0.005952381
0.022944551
0.010948905
0.061176471
0.01322314
0.010152284
0.013422819
0.01572327
0.021008403
0.022222222
0.075342466
0.049107143
0.221020093
0.020325203
0.034120735
0.028419183
0.101995565
0.048824593
0.013186813
0.087033748
0.008862629
0.024
0.006257822
0.021367521
0.023255814
0.03442029
0.018018018
0.02004008
0.018552876
0.033268102
0.017667845
0.005979073
0.03930131
0.027472527
0.037530266
0.051863857
0.061099796
0.144329897
0.028475712
0.020731707
0.008510638
0.038934426
0.010416667
0.1
0.005535055
0.018300654
0.025423729
0.123411978
0.115384615
0.092278719
0.020637899
0.217028381
0.014787431
0.015473888
0.006289308
0.00814664
0.018541409
0.033755274
0.016605166
0.025684932
0.005952381
0.020618557
0.040677966
0.083168317
0.017772512
0.12305026
0.088295688
0.05987055
0.155922039
0.011182109
0.007677543
0.021598272
0.007092199
0.010739857
0.035532995
0.010380623
0.017283951
0.006451613
0.007751938
0.016887817
0.015243902
0.126385809
0.013944223
0.207581227
0.027303754
0.045226131
0.015089163
0.007772021
0.005625879
0.00872093
0.253187614
0.200819672
0.24610052
0.297727273
0.008645533
0.066079295
0.025641026
0.036649215
0.013513514
0.005504587
0.628235294
0.011320755
0.006564551
0.038233355
0.01171875
0.065825068
0.037426901
0.00739645
0.027613412
0.008455035
0.007411631
0.003490401
0.004726891
0.05988024
0.093373494
0.086851628
0.029508197
0.016934046
0.063423645
0.181630547
0.018309859
0.059656218
0.003707136
0.160377358
0.004101162
0.00448682
0.006930007
0.014324693
0.007720588
0.036046512
0.621111111
0.041264267
0.011325028
0.019790454
0.004953999
0.015065913
0.018303844
0.006761325
0.035745423
0.025867137
0.004376368
0.006443299
0.321695761
0.001793186
0.004003203
0.002120891
0.062541583
0.621145374
0.052224371
0.012345679
0.010605115
0.01179941
0.072418136
0.006815969
0.026337449
0.008987418
0.022045855
0.09507707
0.017902813
0.003019324
0.009985735
0.007391763
0.020912548
0.021150033
0.009350649
0.015678589
0.287518574
0.005644403
0.028432169
0.186085499
0.012869039
0.053010471
0.005076142
0.007518797
0.07992008
0.058206107
0.003367003
0.00462963
0.003857281
0.075117371
0.002668446
0.002277904
0.072700297
0.088075881
0.078767123
0.102372881
0.338896021
0.081223629
0.01035503
0.018518519
0.005031447
0.005454545
0.005048187
0.013793103
0.302168022
0.010387812
0.004397537
0.003962358
0.003611971
0.024960998
0.047281324
0.040425532
0.047289504
0.616541353
0.054140127
0.012609117
0.05
0.012704768
0.008478803
0.004716981
0.030612245
0.016709512
0.016915482
0.015963512
0.022222222
0.062613036
0.005635567
0.009319664
0.076049432
0.086013986
0.408488064
0.097560976
0.010498688
0.005285412
0.005853613
0.00890472
0.00295203
0.036941581
0.012091898
0.00373599
0.021262003
0.010464356
0.018131102
0.099257885
0.265682657
0.242828552
0.12164297
0.028645833
0.007361963
0.084875558
0.002659574
0.006079027
0.002707581
0.009109312
0.250832408
0.30936228
0.14037123
0.005163511
0.171221865
0.035147392
0.002718628
0.040780142
0.00827358
0.035494881
0.036625971
0.08566108
0.063070088
0.045582048
0.005277045
0.070805044
0.004405286
0.004680187
0.013776337
0.009425071
0.009972801
0.060455192
0.022393282
0.030542986
0.006402794
0.007184972
0.088811995
0.008976661
0.130181347
0.036985345
0.136792453
0.00505476
0.015027322
0.004319654
0.011070111
0.003237992
0.004302397
0.04531537
0.004475703
0.070140281
0.01702509
0.262614679
0.260207191
0.027407987
0.020645161
0.022234273
0.005269321
0.018575851
0.007423118
0.00362757
0.011947431
0.002267574
0.005444646
0.006282723
0.05801622
0.004884005
0.092829706
0.017647059
0.023608769
0.037390613
0.078043704
0.175715696
0.032894737
0.006366308
0.039012346
0.184538653
0.008972268
0.024950755
0.021910605
0.015718563
0.010126582
0.059411438
0.053739612
0.007417734
0.03968254
0.037666174
0.051974013
0.021466905
0.051526718
0.021806854
0.034380557
0.003796507
0.00625
0.002431611
0.046585833
0.004255319
0.024745269
0.211466865
0.02
0.043369475
0.043040805
0.019905213
0.028497409
0.011754828
0.067528736
0.093775934
0.002018843
0.008220787
0.012627781
0.007137759
0.074816299
0.018072289
0.007718696
0.00877193
0.250479846
0.015189873
0.010115607
0.005393743
0.021555042
0.016116654
0.010842369
0.260920897
0.014218009
0.002850362
0.005244755
0.084365325
0.017429194
0.017798286
0.00877193
0.002520479
0.010433387
0.003072197
0.024087591
0.026345934
0.02238806
0.005870841
0.021772939
0.082719083
0.003980892
0.412688822
0.02962298
0.022635408
0.027350427
0.004248088
0.03100159
0.008353222
0.008701057
0.021557719
0.016129032
0.016491754
0.055745165
0.01998002
0.192794547
0.044354839
0.0249066
0.03126058
0.015293118
0.073055774
0.005942275
0.053686471
0.032051282
0.040640394
0.007801418
0.170995671
0.003952569
0.004459309
0.011243386
0.085625
0.080186784
0.053959355
0.027987083
0.044102564
0.015917603
0.006470165
0.007147963
0.011226252
0.008058608
0.009596335
0.008804109
0.007002801
0.028169014
0.022641509
0.017913593
0.005747126
0.016332591
0.007719298
0.011278195
0.003130237
0.010204082
0.008421053
0.011059371
0.036896878
0.044701987
0.005799503
0.006589786
0.009879254
0.383586626
0.003241491
0.022932592
0.0551291
0.011653314
0.039370079
0.011494253
0.006521739
0.002762431
0.025289017
0.215235174
0.08223972
0.057586837
0.065773287
0.019577134
0.038300836
0.022286125
0.008474576
0.070244672
0.026302218
0.035769971
0.243073048
0.064133017
0.012987013
0.112137203
0.250405186
0.00723589