0.012210012
0.004219409
0.023835471
0.006476684
0.007462687
0.018981019
0.006410256
0.008264463
0.006352087
0.005958292
0.013189448
0.02826087
0.014367816
0.01734104
0.009009009
0.022494888
0.028119508
0.008674102
0.01754386
0.013752456
0.002816901
0.026589595
0.025641026
0.028089888
0.004474004
0.008729389
0.019157088
0.009876543
0.012207528
0.004587156
0.007590133
0.023584906
0.006345178
0.00621118
0.010799136
0.004288778
0.011594203
0.006205674
0.004893964
0.003863988
0.019503546
0.013400335
0.005219207
0.007760532
0.005970149
0.003716735
0.030092593
0.01584507
0.058524173
0.008805031
0.040838852
0.006700168
0.005555556
0.011574074
0.004750594
0.018709074
0.006700168
0.006430868
0.004410143
0.00913242
0.006950478
0.007619048
0.006802721
0.033860045
0.008426966
0.004947481
0.014373317
0.011257036
0.023809524
0.015974441
0.013986014
0.110891089
0.003787879
0.052877138
0.006435006
0.007853403
0.011111111
0.004664179
0.010824313
0.010224949
0.008905852
0.011139674
0.00777605
0.014193548
0.007961783
0.016704632
0.003860049
0.01076716
0.011594203
0.009025271
0.007697056
0.005434783
0.003974563
0.010840108
0.005376344
0.006923838
0.015283843
0.029097963
0.010781671
0.031965177
0.003699137
0.011345219
0.009478673
0.005159071
0.018572825
0.008232144
0.007220217
0.011851852
0.018552876
0.009333333
0.010912698
0.005902192
0.004735596
0.007524454
0.009499683
0.008482564
0.007228916
0.01595359
0.008237232
0.0056
0.007490637
0.014145811
0.016885553
0.01754386
0.005671078
0.006134969
0.01663586
0.016792611
0.016895459
0.037581699
0.01321004
0.015018773
0.011617516
0.007751938
0.111683849
0.01881816
0.017565872
0.006749156
0.010498688
0.003003111
0.014141414
0.020236088
0.010614102
0.023544135
0.004709576
0.009901012
0.003756574
0.009433962
0.009794319
0.11423221
0.017660044
0.042517007
0.006791858
0.025210084
0.047291488
0.021680217
0.00631769
0.006920415
0.006479482
0.030405405
0.011146497
0.007526882
0.031793065
0.01056338
0.003879728
0.005069708
0.010723861
0.004946821
0.011786038
0.008090615
0.010628875
0.009844135
0.00708502
0.004106776
0.019193858
0.014925373
0.003164557
0.009966777
0.021761658
0.008343266
0.023952096
0.013727561
0.016891892
0.003690037
0.007033998
0.014625229
0.006973501
0.008588957
0.012931034
0.013559322
0.009045226
0.054292929
0.006072874
0.008805031
0.009680542
0.012704174
0.009533898
0.037252619
0.00591716
0.004916421
0.031652989
0.014184397
0.00472255
0.012658228
0.013428827
0.00543971
0.046636086
0.020440252
0.007608696
0.009174312
0.011422638
0.015811868
0.032608696
0.024667932
0.031914894
0.004850445
0.006374502
0.010695493
0.011409943
0.077220077
0.00315473
0.003041305
0.002692998
0.010416667
0.009259259
0.008879023
0.006329188
0.004570384
0.007744434
0.039972907
0.03030477
0.008950366
0.014675052
0.01171875
0.009516257
0.017843289
0.003231018
0.018472906
0.016029593
0.011551155
0.003857456
0.003267974
0.004137931
0.008610086
0.07028754
0.006352087
0.011111111
0.043377253
0.014379085
0.009505703
0.01875
0.005298013
0.005649718
0.010367578
0.013250195
0.003095975
0.005741627
0.008466604
0.008298755
0.00496835
0.079613993
0.006596306
0.0152207
0.006779661
0.024623803
0.05548854
0.025263158
0.026220615
0.007567568
0.006653992
0.015363128
0.058333333
0.004333694
0.012658228
0.009433962
0.010440835
0.033226152
0.007453416
0.008726003
0.003421728
0.007168459
0.006266065
0.010243278
0.005555556
0.0110957
0.003240555
0.008196721
0.011538462
0.018121911
0.007518797
0.020263425
0.013301088
0.006112469
0.016753927
0.056179775
0.018053375
0.013854931
0.00678733
0.008835341
0.007655502
0.100823045
0.023622047
0.026399155
0.031760436
0.008196721
0.005873715
0.013513514
0.006511628
0.00618238
0.009694258
0.00751073
0.003304235
0.010785824
0.005192878
0.012838802
0.023784902
0.014381592
0.006451613
0.022968198
0.00379867
0.007390983
0.014440433
0.023870418
0.010989011
0.022016222
0.00623053
0.013196481
0.009844135
0.014096186
0.004404251
0.015659955
0.018031555
0.043092522
0.009615385
0.00792393
0.012594458
0.011687363
0.007130125
0.012820513
0.022580645
0.144082333
0.005912162
0.041860465
0.005107252
0.015174507
0.011586453
0.004721435
0.004621793
0.024557957
0.031290036
0.014652015
0.012027491
0.011655012
0.009433962
0.008403361
0.019851117
0.013871375
0.030567686
0.006493506
0.019672131
0.009749304
0.013259669
0.017366136
0.008144796
0.007092199
0.025815217
0.005045409
0.005830904
0.004683841
0.008556171
0.021359223
0.012738854
0.010404624
0.005896226
0.051282051
0.037735849
0.009532888
0.020593081
0.01505174
0.00498132
0.009596929
0.009302326
0.006884682
0.01744186
0.014423077
0.005390836
0.056776557
0.008399657
0.004677268
0.01
0.007287449
0.013927577
0.010703364
0.009852217
0.004468275
0.020579268
0.006283662
0.005449591
0.018327606
0.006629834
0.00621118
0.004711425
0.008070433
0.007874016
0.029795158
0.030805687
0.011049786
0.011235955
0.009509876
0.005502063
0.018318068
0.004711425
0.011824324
0.005532503
0.009057971
0.015250545
0.008403361
0.015228426