0.009228188
0.013876041
0.006818182
0.004559271
0.053897979
0.0249066
0.004065041
0.039533671
0.002369668
0.008948546
0.136739294
0.05277525
0.016415869
0.006889764
0.007861635
0.018583043
0.020080321
0.007194245
0.021067416
0.004991681
0.015469613
0.021183346
0.141708543
0.0125
0.014684288
0.004343105
0.006128703
0.106182987
0.010703364
0.013402062
0.010443864
0.039641944
0.019607843
0.011015912
0.032630863
0.06415397
0.148817803
0.034572169
0.006849315
0.225806452
0.004398827
0.103343465
0.005208333
0.086746988
0.099415205
0.004470939
0.015974441
0.00921659
0.008547009
0.093777388
0.005793743
0.004405286
0.006377551
0.003120125
0.018423746
0.021685287
0.012608353
0.006321113
0.016797312
0.005212211
0.004950495
0.012589928
0.026068822
0.009833585
0.012515645
0.007716049
0.007745267
0.005937235
0.017531045
0.06192822
0.048672566
0.026717557
0.00468094
0.003154218
0.003227616
0.006788866
0.049833887
0.007256894
0.006560615
0.01782364
0.00665746
0.017941454
0.017592593
0.026732673
0.008952551
0.019097222
0.007317073
0.005170631
0.012221423
0.008314437
0.007202881
0.007551919
0.004655493
0.020348837
0.110862262
0.053571429
0.010108303
0.013071895
0.020746888
0.027631579
0.043478261
0.022550544
0.00270453
0.00201613
0.002762431
0.005639098
0.009060023
0.027534418
0.015564202
0.050321199
0.046860356
0.007518797
0.032583398
0.008078995
0.008492569
0.007067138
0.049581006
0.022641509
0.024311183
0.017029328
0.014224751
0.013546798
0.017804154
0.011006289
0.051282051
0.005788712
0.007960199
0.09186906
0.022144522
0.034292035
0.01010101
0.006737247
0.057142857
0.00572363
0.00887199
0.015608741
0.007874016
0.009345794
0.007323027
0.006103764
0.081876725
0.106003752
0.018761726
0.009163803
0.033754991
0.00591716
0.051115242
0.019505852
0.004140787
0.006218905
0.102432778
0.115532734
0.014858841
0.009812667
0.065217391
0.043137255
0.004960317
0.235600789
0.00780379
0.006048387
0.00742115
0.03115727
0.097919217
0.0064
0.012765957
0.1016
0.005973716
0.008658009
0.065653938
0.029029029
0.013059701
0.051787916
0.03172738
0.008849558
0.008782936
0.00621118
0.02241594
0.007543103
0.007490637
0.01754386
0.062937063
0.01754386
0.067088608
0.008641975
0.008746356
0.05179704
0.030185005
0.031707317
0.006329367
0.00998004
0.030871003
0.042931937
0.014230272
0.022955524
0.061076905
0.042226488
0.024722933
0.01364366
0.008912656
0.005591799
0.01369863
0.025698324
0.054018284
0.008460237
0.01171875
0.038199827
0.004111785
0.06351551
0.012510425
0.008806262
0.051622419
0.006128703
0.012562814
0.010313507
0.011363636
0.041019956
0.004429679
0.103161398
0.017133956
0.014061208
0.003067317
0.021164021
0.056886228
0.012264922
0.023142509
0.064724919
0.010416667
0.034591195
0.005382131
0.029180696
0.012598425
0.048780488
0.031325301
0.028360049
0.080672269
0.011976048
0.038956432
0.074315515
0.034789644
0.027237354
0.044281935
0.011034483
0.0070609
0.033579034
0.045584046
0.004840271
0.11443662
0.011066398
0.01010101
0.017241379
0.107255521
0.004995837
0.020432692
0.024669604
0.005494505
0.006675567
0.042995839
0.007901441
0.027306968
0.09704142
0.006451613
0.098943324
0.004651163
0.010548523
0.025862069
0.00952381
0.008735781
0.03990878
0.024896266
0.018504241
0.00608828
0.010493179
0.036758563
0.004690112
0.010339734
0.0328125
0.00893655
0.034246575
0.030418251
0.019685039
0.00608828
0.010968921
0.004780115
0.022861981
0.046315789
0.012279355
0.00676819
0.022696929
0.008988764
0.012448133
0.026845638
0.015810277
0.007050529
0.01656051
0.013568521
0.010449321
0.015909091
0.025032229
0.009933775
0.021390374
0.00531511
0.011316872
0.004844961
0.069003286
0.00913242
0.022298456
0.010174419
0.042609854
0.12
0.012681159
0.013274336
0.012345679
0.01255887
0.00973236
0.014778325
0.011331445
0.009269988
0.010471204
0.014925373
0.009661836
0.00440044
0.037168142
0.027816412
0.010344828
0.023622047
0.047124601
0.072013093
0.016313214
0.002354788
0.005434783
0.013847676
0.048492792
0.010082493
0.006648936
0.151003168
0.00619469
0.005279831
0.006764374
0.016359918
0.017560976
0.084577114
0.009017133
0.01761745
0.007220217
0.026948989
0.061395349
0.009478673
0.012358393
0.022020725
0.009142857
0.035094275
0.027511962
0.004844811
0.078447564
0.046279492
0.055702918
0.008964143
0.006183746
0.005123826
0.037621359
0.004535147
0.004400488
0.005905592
0.035902851
0.022321429
0.008
0.003813155
0.003202862
0.013808976
0.006386861
0.02420242
0.026933102
0.006772009
0.009442871
0.016064257
0.04047619
0.01453958
0.00622084
0.013944223
0.043158861
0.025641026
0.078040231
0.022690438
0.099481098
0.044158234
0.011869436
0.15
0.119235096
0.060324826
0.007407407
0.002512563
0.021126761
0.006317611
0.016129032
0.002650762
0.10619469
0.010815308
0.039387309
0.008744535
0.002300613
0.103448276
0.003340437
0.042826552
0.005758157
0.005192108
0.107764391
0.235616438
0.09004329
0.004188482
0.003640777
0.029735683
0.004440497
0.004439512
0.018501388
0.048739496
0.041512915
0.029383882
0.006203474
0.113673806
0.031386861
0.065457413
0.041627247
0.014563107
0.091049383
0.012722646
0.152959262
0.00770416
0.133640553
0.08577633
0.01119403
0.017599836
0.367830424
0.019292605
0.006097561
0.016949153
0.070457355
0.016918967
0.045126354
0.010854817
0.007551241
0.038105046
0.031548757
0.006896552
0.128180961
0.012801205
0.019607843
0.156736939
0.3816
0.039674466
0.015300546
0.089490114
0.014760148
0.019753086
0.005476451
0.033377837
0.082583079
0.015205725
0.040106952
0.008650519
0.033333333
0.027777778
0.010537408
0.100082713
0.138979344
0.022556391
0.174537988
0.225779967
0.037478705
0.003641661
0.009489917
0.002403846
0.028019324
0.007020281
0.029003783
0.009884679
0.012160898
0.047109208
0.395419458
0.416091954
0.081632653
0.040387722
0.041626331
0.004322767
0.016414141
0.04007286
0.229350441
0.014942529
0.136052382
0.160822249
0.056980057
0.017977528
0.30108764
0.007537688
0.007009346
0.016835017
0.018789144
0.03024911
0.025586354
0.012880562
0.006095166
0.022106632
0.026507042
0.015655577
0.046174142
0.711058264
0.059130435
0.002572899
0.15571972
0.009280742
0.006546645
0.125
0.045033113
0.044354839
0.123421712
0.339719029
0.06122449
0.008158508
0.011082694
0.036423841
0.071038251
0.009102731
0.0625
0.002830189
0.031504065
0.003409091
0.201954397
0.014678899
0.17050383
0.026119403
0.05491106
0.179635762
0.020710059
0.00390117
0.079646018
0.032989691
0.039045553
0.034102307
0.079072886
0.017426273
0.180519481
0.155411656
0.01754386
0.008393285
0.052760736
0.023300971
0.009966777
0.036144578
0.085043813
0.037508793
0.03777336
0.023182297
0.027201271
0.020979021
0.065349544
0.290468986
0.069269521
0.059210526
0.009950249
0.118696664
0.006091371
0.046610169
0.007352941
0.03027027
0.008683068
0.014577259
0.131061599
0.072105008
0.509966777
0.002949853
0.01338091
0.099567652
0.004911591
0.033259627
0.040621266
0.044576523
0.013118063
0.021032505
0.006398537
0.075356415
0.225118483
0.015410959
0.004932182
0.008294931
0.035429614
0.108126242
0.019208447
0.027559055
0.030534351
0.019908116
0.052054795
0.021716649
0.064777328
0.013002364
0.011673152
0.065306122
0.123624047
0.261968085
0.037861915
0.028776978
0.003276003
0.018813314
0.077961516
0.010741139
0.032012195
0.088495575
0.031283711
0.008928571
0.134670487
0.005069708
0.02300885
0.012658228
0.015258417
0.019323671
0.025936599
0.247284879
0.147110333
0.030828516
0.137860082
0.002870813
0.012557078
0.122580645
0.012021858
0.042119565
0.15727003
0.006441224
0.025345622
0.214223764
0.026186579
0.026119403
0.009787928
0.004830918
0.021311475
0.007052186
0.013733906
0.005376344
0.0078125
0.106609808
0.010326841
0.125
0.019602786
0.011639185
0.008553655
0.006512301
0.008498584
0.056497175
0.120516499
0.149888143
0.006622517
0.005005005
0.007360673
0.035238095
0.003524229
0.011627907
0.010277492
0.079275198
0.035175879
0.397459165
0.028526149
0.014300306
0.009671339
0.029247911
0.028268551
0.028514052
0.031982942
0.006546645
0.025498891
0.077094144
0.013677812
0.02970297
0.064546305
0.008468052
0.317045455
0.072815534
0.019607843
0.068152031
0.040972747
0.006956522
0.016042781
0.008985879
0.049219688
0.009409752
0.008438819
0.014285714
0.004803074
0.094574997
0.022079117
0.088777219
0.022891566
0.051056338
0.0875
0.010903427
0.111645813
0.039814815
0.055513878
0.007616975
0.012759171
0.003386005
0.071202532
0.019031142
0.006700168
0.017872645
0.019486271
0.016990291
0.007155635
0.053787047
0.003550296
0.019095477
0.021516393
0.050880626
0.140350877
0.009782609
0.017482517
0.010958904
0.004863813
0.010207929
0.033047736
0.15990058
0.113174182
0.061187215
0.0256
0.136227545
0.016977929
0.00817757
0.009102731
0.005284549
0.007453416
0.250992063
0.003141361
0.00606949
0.021153846
0.244565217
0.127002288
0.292644757
0.029661017
0.019704433
0.033829499
0.004279601
0.007936508
0.069544365
0.016731017
0.03346856
0.038265306
0.061135371
0.105797101
0.050243112
0.068071313
0.133116883
0.023297491
0.01170117
0.016423358
0.011802575
0.006675567
0.009803922
0.011148272
0.0359375
0.005451713
0.014756944
0.023706897
0.141025641
0.149784483
0.020527859
0.005665722
0.005090909
0.004355401
0.008849558
0.012127894
0.006354249
0.01026694
0.013144922
0.00952381
0.008816121
0.008323424
0.030195382
0.007534984
0.009273592
0.033227848
0.018085908
0.025085519
0.019906323
0.044345898
0.063327032
0.059656218
0.035024155
0.035714286
0.016190476
0.007960199
0.00979021
0.009662383
0.007679181
0.003307607
0.008396947
0.004608295
0.017736008
0.042895442
0.025162338
0.003080715
0.014150943
0.004978663
0.005307051
0.008256881
0.043076923
0.008652658
0.036340852
0.008575198
0.009398496
0.054832077
0.007395234
0.010353228
0.007810064
0.031993437
0.009415363
0.055793991
0.013612565
0.025
0.02962963
0.016025641
0.017751479
0.01309329
0.00657277
0.023407022
0.008519702
0.016296296
0.017061611
0.017837235
0.023278371
0.023201856
0.012380952
0.036339166
0.023255814
0.022099448
0.007712082
0.013389356
0.031976744
0.04565696
0.003375527
0.010215664
0.00382263
0.02739726
0.056818182
0.081037277
0.040892193
0.139082058
0.009535161
0.041499331
0.023479189
0.038004751
0.006402049
0.062927497
0.00974026
0.037414966
0.034079844
0.00802139
0.030546624
0.013986014
0.00974026
0.016713092
0.041058394
0.024721879
0.014173228
0.013333333
0.056795132
0.015929898
0.019855596
0.040556199
0.035137702
0.090462144
0.008502468
0.01542777
0.053811659
0.024205749
0.00712831
0.00410509
0.011594203
0.01510574
0.026382979
0.00777605
0.049476689
0.064572426
0.008
0.125
0.05941704
0.0075
0.1
0.028907923
0.053876478
0.007853403
0.016930023
0.013833992
0.007003145
0.013293944
0.003432494
0.028446389
0.234548336
0.021251476
0.012720848
0.003857281
0.020260492
0.013586957
0.013812155
0.024948025
0.011247444
0.033333333
0.006637168
0.011124845
0.023054755
0.010576923
0.038942976
0.031305903
0.046817849
0.021646191
0.01003856
0.082466568
0.016949153
0.013728324
0.003215438
0.006578947
0.007915567
0.007777778
0.01618123
0.01897019
0.029661017
0.006729475
0.009104704
0.013020833
0.012622721
0.048585932
0.03279939
0.010967099
0.019480519
0.1534937
0.028708134
0.007943513
0.011375388
0.010148322
0.020508614
0.002906977
0.020100503
0.009043928
0.012206573
0.229217111
0.054191363
0.194419442
0.011230313
0.019480519
0.007683864
0.006273526
0.00913051
0.037275064
0.005434783
0.025274725
0.003552398
0.010123735
0.004582951
0.129431162
0.044058745
0.114877589
0.009847807
0.017687075
0.009416196
0.015037594
0.010430248
0.029739777
0.024096386
0.002744739
0.00621118
0.006864989
0.010373444
0.004645761
0.047285464
0.016736402
0.005747126
0.003378378
0.006147541
0.017830609
0.012264151
0.005213764
0.005138746
0.025925926
0.008908686
0.003194939
0.013993541
0.020484171
0.005706705
0.009544787
0.0078125
0.021435228
0.035608309
0.024193548
0.091976517
0.009825328
0.019120459
0.01046845
0.006843456
0.043727372
0.004424779
0.004468275
0.021333333
0.015861797
0.039936102
0.007989348
0.004739336
0.005730659
0.003948667
0.004115226
0.029147982
0.016081046
0.002949853
0.040369089
0.034559643
0.002830191
0.013651877
0.008587786
0.007125891
0.006944444
0.017496635
0.004965243
0.118466899
0.010012516
0.007879499
0.003857281
0.008483563
0.009976976
0.024886878
0.010062893
0.009876543
0.008660893
0.002364066
0.005285412
0.016496465
0.007518797
0.008701958
0.032051282
0.007414272
0.013641133
0.008669835
0.026548673
0.020452099
0.048498845
0.039692702
0.036820084
0.004262575
0.007352941
0.00746826
0.005988024
0.008005337
0.006738544
0.003891051
0.037851038
0.013251784
0.0155902
0.011504425
0.01082544
0.012021858
0.010796221
0.026290166
0.008823529
0.01888319
0.04922516
0.005591799
0.042857143
0.030150754
0.005536332
0.017560976
0.016587678
0.009049774
0.009859155
0.013582343
0.082987552
0.005089059
0.008962868
0.006849315
0.020689655
0.058671268
0.004329004
0.042598509
0.051212938
0.017073171
0.007722008
0.017615176
0.011959522
0.004306632
0.013498313
0.029028127
0.022918379
0.004560261
0.06242497
0.052401747
0.015063731
0.007429421
0.012557078
0.130990415
0.014690451
0.009322034
0.025806452
0.025723473
0.015002717
0.11627907
0.006002401
0.150082919
0.019860029
0.111217641
0.039635304
0.056097561
0.033199195
0.025661588
0.02893617
0.007385524
0.00802139
0.007575758
0.005363985
0.01761745
0.100977199
0.02265861
0.018656716
0.002641629
0.008179959
0.01443769
0.014403292
0.00907441
0.016835017
0.013828868
0.006410256
0.007843137
0.016216216
0.013003901
0.008628955
0.003767866
0.010989011
0.005842259
0.120870871
0.00326087
0.004376368
0.080547112
0.005773672
0.003745318
0.012684989
0.019736842
0.010309278
0.023002421
0.005643341
0.014128728
0.035190616
0.004428698
0.021317829
0.006355932
0.006157635
0.014319809
0.328104575
0.054411765
0.011553273
0.010889292
0.006498781
0.031198686
0.004374453
0.299270073
0.006116208
0.01799687
0.020983607
0.072674419
0.226277372
0.017094017
0.077821012
0.003218021
0.007079646
0.096730245
0.015479876
0.006439742
0.002699921
0.014074568
0.044615385
0.004593176
0.064761905
0.010132502
0.009184845
0.007263923
0.02072545
0.032934132
0.027237354
0.008741259
0.04691358
0.025679758
0.053794428
0.004922067
0.022604079
0.004110997
0.063305979
0.024109015
0.024514811
0.031697342
0.011058452
0.062889166
0.022641509
0.008017493
0.006052455
0.005189029
0.011428571
0.012917933
0.007006123
0.015108593
0.006641366
0.007981756
0.028492647
0.016849817
0.00994575
0.033356991
0.004811548
0.020186335
0.045906656
0.160216718
0.113545817
0.016704632
0.005521049
0.014461316
0.009398496
0.022925764
0.006112469
0.058394161
0.005323869
0.008584171
0.089622642
0.007716049
0.008071025
0.017074981
0.007829978
0.008219178
0.027777778
0.05870021
0.111279334
0.005509642
0.028915663
0.011013216
0.010504202
0.006603774
0.007960199
0.020746888
0.006965944
0.15791105
0.046683047
0.004078858
0.00805153
0.027684564
0.03286385
0.009830206
0.020491803
0.003389831
0.023305085
0.00714924
0.034677419
0.006664404
0.012099644
0.011221122
0.022145329
0.004373178
0.018830525
0.002707581
0.014830508
0.021384929
0.004744958
0.009929078
0.095975232
0.207988981
0.022522523
0.337124289
0.005460218
0.002923977
0.008032129
0.019300362
0.026701101
0.012999071
0.004084014
0.007758621
0.004950495
0.019847328
0.023141655
0.002408188
0.009009009
0.008450704
0.016431925
0.03567681
0.027131783
0.017621145
0.007371007
0.005208333
0.012121212
0.021563342
0.018165304
0.003963012
0.023364486
0.012725345
0.011127694
0.02757079
0.0192
0.007127584
0.007684918
0.018703242
0.011055276
0.008108108
0.003660322
0.108292683
0.006118881
0.010638298
0.011248594
0.034427542
0.009988901
0.008532423
0.034647551
0.033898305
0.003267974
0.019833653
0.026533997
0.003989362
0.009298394
0.004314064
0.004314995
0.027522936
0.018888889
0.028184893
0.011706716
0.011616651
0.007827789
0.017467249
0.002172339
0.007943513
0.009708738
0.093411176
0.03253012
0.020533881
0.00624025
0.013748854
0.037392138
0.002613424
0.015171202
0.010172144
0.008757962
0.014128728
0.009719222
0.009441385
0.020143885
0.053385417
0.007648184
0.007284797
0.003701723
0.031545741
0.014388489
0.012838802
0.008203445
0.003354207
0.080789946
0.018907563
0.006825939
0.010830325
0.007213706
0.007014028
0.037593985
0.00498008
0.023199023
0.019035533
0.045405405
0.007726269
0.010319917
0.079037801
0.037606838
0.005982906
0.048152296
0.002780352
0.012068966
0.021419009
0.049796748
0.010404624
0.036704731
0.063763608
0.006868132
0.007915567
0.237704918
0.009665428
0.007929515
0.193589744
0.013513514
0.003679176
0.008032129
0.071782178
0.012522361
0.046534653
0.071764706
0.029375765
0.449310624
0.044083527
0.080213904
0.002854424
0.013722127
0.005633803
0.012126866
0.002729754
0.011776251
0.031282586
0.02734375
0.008426966
0.012724551
0.002901354
0.012543554
0.005787037
0.009404389
0.017837235
0.006441224
0.016009852
0.01188455
0.005
0.0328
0.030141844
0.019230769
0.010285714
0.041638684
0.085635359
0.052564103
0.02020202
0.005730659
0.006973501
0.004874086
0.007493612
0.022535211
0.01321004
0.008842444
0.038389513
0.045838359
0.014820104
0.004659832
0.064156206
0.011163053
0.039933444
0.025210084
0.012465374
0.04576144
0.010349288
0.011290323
0.02962963
0.016962843
0.005992509
0.036775106
0.059484468
0.008383234
0.004197272
0.028748021
0.017262639
0.027860022
0.004555809
0.026525199
0.41775837
0.014718615
0.005194805
0.007261411
0.009863429
0.10472973
0.012334802
0.003445306
0.009259259
0.009413469
0.019690577
0.004025765
0.012562814
0.006188389
0.012305398
0.143840857
0.027353178
0.009786477
0.056521739
0.165768194
0.005221932
0.010647737
0.007137759
0.028657617
0.009966777
0.012542759
0.036144578
0.002944063
0.008253095
0.011669659
0.008025682
0.225440806
0.018854242
0.018370607
0.209016393
0.139223561
0.013916501
0.01487779
0.016687268
0.002360346
0.033722438
0.002659574
0.106477374
0.00555753
0.007992895
0.012560386
0.020486556
0.025959368
0.014398848
0.007213115
0.007204611
0.008202324