0.175097276
0.015775635
0.006965174
0.004955401
0.025089606
0.027308192
0.036873156
0.093243243
0.083926031
0.196956132
0.022146508
0.017316017
0.007272727
0.0125
0.019758507
0.018674136
0.038309115
0.048010107
0.046059365
0.0029615
0.036996736
0.112009238
0.048780488
0.009630819
0.012249443
0.020746888
0.006535948
0.00482509
0.030552291
0.060301508
0.046558704
0.004716981
0.009592326
0.008053691
0.005611672
0.165454545
0.174454829
0.03172738
0.044652129
0.005291005
0.006122449
0.01369863
0.129323308
0.014435696
0.025157233
0.072477963
0.0856102
0.034358047
0.019976498
0.029268293
0.275324675
0.010840108
0.005964215
0.06017192
0.007130125
0.025024062
0.097469541
0.027710843
0.02237927
0.032531825
0.006951341
0.009777778
0.014625229
0.009514748
0.003613369
0.006872852
0.012480499
0.064572426
0.032207384
0.045454545
0.008183306
0.023415978
0.015936255
0.008350731
0.016018307
0.236190476
0.010582011
0.006578979
0.112781955
0.025477707
0.012847966
0.157522124
0.132352941
0.005
0.008143322
0.01501251
0.010706638
0.010486177
0.124390244
0.006912442
0.022670025
0.201949861
0.005773672
0.002982107
0.040469974
0.013824885
0.009160305
0.015715467
0.044270833
0.015018575
0.007672634
0.206046142
0.009205984
0.00952381
0.088353414
0.026143791
0.016320475
0.005398111
0.004662005
0.007592191
0.072859745
0.273132664
0.342814371
0.007633588
0.077565632
0.08125
0.210619469
0.084569733
0.045614035
0.017185822
0.010110294
0.01260126
0.028906956
0.009777778
0.008909093
0.062041757
0.011272142
0.01
0.006591337
0.016574586
0.01511879
0.050645482
0.011673152
0.011406844
0.052464229
0.040963855
0.004028197
0.055229142
0.004793864
0.003480413
0.202578269
0.133608815
0.034733441
0.029508197
0.163612565
0.131736527
0.031029619
0.015970516
0.101167315
0.023784902
0.126106195
0.188581315
0.102493075
0.005518764
0.002840909
0.034636872
0.030528053
0.155335445
0.021636877
0.147465438
0.308426073
0.003897116
0.055165496
0.009259259
0.016793893
0.002120141
0.013137558
0.006646972
0.077854671
0.356932153
0.004594181
0.008997429
0.037558685
0.179334917
0.175887696
0.00541272
0.012804097
0.011029412
0.019914651
0.043804756
0.059865093
0.208828523
0.098820059
0.016460905
0.005295675
0.004381161
0.033101045
0.012027491
0.016627078
0.040350877
0.051029543
0.056375839
0.027072758
0.007215007
0.003891051
0.005471956
0.054994388
0.051255354
0.04950495
0.035440613
0.107446809
0.020325203
0.029166667
0.031476998
0.005440696
0.057617188
0.074111675
0.230263158
0.16875357
0.009975062
0.073804574
0.092517007
0.016925247
0.016786571
0.301389905
0.442724458
0.006060606
0.005215124
0.006233309
0.337398374
0.258473539
0.015576324
0.028767123
0.042813456
0.010909091
0.010022272
0.108949416
0.014302741
0.172009382
0.105367793
0.19123506
0.048066876
0.039898578
0.090146751
0.01744186
0.016987542
0.011494253
0.009205984
0.010327022
0.038065844
0.036474164
0.052777778
0.038140644
0.02283105
0.006550218
0.129353234
0.141623489
0.007528684
0.015911873
0.012820513
0.029574861
0.022163121
0.05233853
0.014705882
0.078767123
0.024355301
0.083955224
0.057164068
0.074444444
0.022503516
0.049219688
0.005943536
0.046875
0.006949807
0.008674102
0.074152542
0.029318542
0.004213483
0.00591716
0.003533569
0.042219542
0.003410768
0.312
0.014120668
0.006289308
0.02672956
0.012671595
0.005870841
0.027777778
0.003588517
0.00665779
0.063291139
0.35666218
0.018112488
0.026086957
0.12464986
0.025974026
0.027722772
0.007194245
0.042444822
0.166180758
0.012145749
0.012239902
0.00729927
0.005016722
0.010787487
0.054499366
0.013432836
0.008635579
0.021361816
0.051083591
0.018218623
0.041152263
0.032873807
0.02247191
0.105986261
0.006696429
0.078321678
0.043202033
0.076407507
0.007829978
0.125902993
0.023674242
0.052294557
0.015538291
0.013618677
0.029366306
0.077910174
0.028423773
0.09539749
0.089430894
0.015434341
0.005733945
0.0125
0.006279435
0.021914648
0.042391304
0.096885813
0.046898638
0.005578801
0.016859852
0.015720674
0.055762082
0.013527575
0.007125891
0.013513514
0.019730942
0.00617284
0.00736377
0.041632653
0.035818006
0.011453744
0.083879423
0.20795107
0.150074294
0.01421092
0.005882353
0.010344828
0.019153226
0.018494055
0.008741259
0.063214014
0.026132404
0.186781609
0.164948454
0.012480499
0.125527426
0.136633663
0.13700565
0.034034034
0.011482255
0.004756243
0.034343434
0.061837456
0.004987531
0.057299843
0.032608696
0.003813155
0.065510597
0.018595041
0.074829932
0.085714286
0.121052632
0.058176101
0.043441938
0.006721434
0.045762712
0.070217918
0.007537688
0.020592021
0.03280543
0.004524887
0.002318393
0.008370895
0.005997001
0.082331175
0.013348165
0.005227808
0.017467249
0.032808399
0.011795544
0.066157761
0.002557545
0.05092091
0.069241983
0.084745763
0.453584019
0.009337068
0.011956522
0.045714286
0.011070111
0.029282106
0.06284153
0.008754864
0.01291364
0.00621118
0.047808765
0.014830508
0.052307692
0.006028636
0.014745308
0.017530742
0.004521964
0.015682657
0.055629139
0.055705301
0.017725258
0.084322299
0.028481013
0.031620553
0.116591928
0.565270936
0.00929368
0.009015778
0.020769231
0.005358339
0.045035824
0.135720233
0.135728543
0.008247423
0.011162791
0.075226978
0.027061856
0.007067138
0.01
0.009756098
0.089533417
0.033167496
0.031818182
0.027447392
0.094488189
0.261843417
0.206642066
0.015625
0.331775701
0.253333333
0.084736488
0.027027027
0.005847953
0.019347037
0.007716049
0.127872128
0.303912648
0.004071661
0.019093079
0.079710145
0.03406326
0.008574491
0.025641026
0.049919926
0.029154519
0.083333333
0.009411765
0.171353251
0.164670659
0.141315015
0.073071719
0.107869142
0.13442623
0.248157248
0.016574586
0.003113325
0.005501222
0.002561913
0.002467105
0.015492958
0.10866373
0.010057471
0.020038168
0.008639309
0.010649627
0.195610687
0.173952641
0.008763389
0.031279621
0.068877551
0.023349436
0.008962868
0.006437768
0.003067485
0.005560704
0.012477718
0.080513419
0.025274725
0.004739336
0.394551845
0.087470449
0.37652439
0.72428884
0.039250669
0.007490637
0.00952381
0.01061008
0.004545455
0.031379026
0.061538462
0.080705009
0.063888889
0.009249743
0.004016064
0.034386617
0.044079516
0.01399689
0.328958162
0.341868512
0.017374517
0.00498132
0.003432494
0.015940489
0.008517888
0.353887399
0.217081851
0.020987654
0.366353544
0.158940397
0.006281407
0.050997783
0.004640371
0.005258545
0.418161435
0.402546523
0.004132231
0.038681948
0.243678161
0.248962656
0.260869565
0.009535161
0.00931677
0.174351585
0.023684211
0.003319502
0.005202914
0.004694836
0.004672897
0.103519669
0.113657195
0.123348018
0.056654676
0.004640371
0.087116564
0.021566402
0.052380952
0.004188482
0.115036976
0.047945205
0.250847458
0.10738255
0.058894231
0.173053152
0.011331445
0.03
0.004491018
0.00619195
0.004830918
0.004240882
0.010893246
0.006679389
0.023746702
0.027598896
0.014274981
0.009940358
0.011806375
0.11375948
0.006127451
0.002780352
0.0069869
0.194539249
0.007352941
0.013017751
0.197132616
0.004636785
0.128235294
0.002617801
0.073993471
0.004550626
0.00758214
0.023829787
0.011787819
0.039215686
0.005613472
0.038997214
0.055222089
0.029525032
0.06375
0.006138652
0.105080831
0.145993414
0.032013479
0.121281465
0.040322581
0.014900662
0.012403101
0.13373494
0.011293634
0.007352941
0.007481297
0.006289308
0.01001001
0.027631579
0.009725906
0.012401353
0.022312373
0.031666667
0.049673203
0.160864346
0.12032518
0.204251386
0.00973236
0.118568233
0.069387755
0.033686968
0.066037736
0.100354191
0.02917342
0.011605416
0.009633911
0.006060606
0.024623803
0.014814815
0.033240997
0.19369387
0.306980656
0.066105769
0.04140527
0.005625879
0.0546875
0.011615628
0.023255814
0.121775026
0.264075067
0.018036072
0.031062124
0.018436578
0.005758195
0.017875585
0.25356843
0.236323851
0.035885167
0.064853556
0.046218487
0.03094984
0.006568144
0.035162762
0.007120253
0.007059227
0.017634855
0.323505324
0.123227917
0.019002375
0.031931464
0.017045455
0.005882353
0.192231076
0.016060862
0.006234414
0.020151134
0.021479714
0.070941337
0.002170767
0.047311465
0.090252708
0.099857347
0.103076923
0.005390836
0.007028112
0.048919226
0.406504065
0.026455026
0.004571429
0.005031455
0.022426096
0.022239873
0.006116208
0.004246285
0.003956479
0.034246575
0.031518625
0.016722408
0.007763975
0.005454545
0.036087369
0.003864734
0.020304569
0.011261261
0.179604262
0.19588551
0.011811024
0.012738854
0.017421603
0.005730659
0.010714286
0.09375
0.010615711
0.004484305
0.126033058
0.128226478
0.006079027
0.019189765
0.020408163
0.147727273
0.024080962
0.037948718
0.00989011
0.04245283
0.04389313
0.012738854
0.060773481
0.003921569
0.019093079
0.06455863
0.008389262
0.009693053
0.018181818
0.01529441
0.005494505
0.00798722
0.052567237
0.078651685
0.071969697
0.003952569
0.003930478
0.069139966
0.004504505
0.014038877
0.237940127
0.038789026
0.185955281
0.044233807
0.013392857
0.016778523
0.005758157
0.008648649
0.007329843
0.019561815
0.014223195
0.021582734
0.027667984
0.02991453
0.017621145
0.00397351
0.037586548
0.013582343
0.010794897
0.073024055
0.138888889
0.258205689
0.015116279
0.02016129
0.034092558
0.013574661
0.013793103
0.030812325
0.270919621
0.080385852
0.219410519
0.008215962
0.004061801
0.012524085
0.043026706
0.012345679
0.005370569
0.011182109
0.00913242
0.008460237
0.004329004
0.008032129
0.005698006
0.003694581
0.003307752
0.004618938
0.034321373
0.051401869
0.006289308
0.0349223
0.032115172
0.032138443
0.111356932
0.007541478
0.011568123
0.014466546
0.00483871
0.011876485
0.005336179
0.00473799
0.011787819
0.02301496
0.023883697
0.447483816
0.014789534
0.334065096
0.01035503
0.016051364
0.046623794
0.004381161
0.082080925
0.10968661
0.012019231
0.005578801
0.014742015
0.067323481
0.034224599
0.009661836
0.006144393
0.027190332
0.025559105
0.035908987
0.062346185
0.42535545
0.091224018
0.028865979
0.007151371
0.218513035
0.043677503
0.042352941
0.044274809
0.138467816
0.011904762
0.019083969
0.028776978
0.008955224
0.006677796
0.027063599
0.033628319
0.006779661
0.050955414
0.1
0.005154639
0.005302227
0.008514664
0.057545003
0.030927835
0.581318681
0.048778382
0.004930966
0.011235955
0.054945055
0.033898305
0.044308577
0.11431316
0.06
0.004205214
0.016042781
0.030560272
0.116094987
0.025299601
0.145604396
0.187821612
0.055913978
0.006426735
0.006666667
0.007989348
0.095975232
0.012820513
0.025330396
0.177897574
0.004405286
0.083689155
0.00690302
0.272228321
0.076177285
0.248400853
0.039242219
0.030732861
0.016949153
0.099210823
0.063245823
0.243611584
0.012448133
0.053380783
0.005563282
0.005454545
0.007032349
0.106170599
0.056756757
0.292016807
0.013133208
0.006451613
0.011320755
0.032496307
0.007968127
0.012320329
0.005905512
0.014583333
0.005847953
0.040358744
0.043137255
0.153571429
0.029106029
0.251381215
0.01734104
0.007334963
0.01059322
0.013029316
0.107368421
0.125570776
0.293203883
0.055825243
0.003444317
0.007374631
0.015355086
0.010733453
0.146666667
0.011093502
0.010398614
0.022929936
0.065454545
0.04851752
0.069148936
0.050691244
0.158663883
0.004197272
0.004085802
0.03113325
0.144050104