0.025839793
0.036395147
0.056140351
0.015856237
0.017517136
0.012952043
0.074353448
0.068449198
0.012373453
0.155922039
0.447957839
0.015852048
0.159563925
0.068859198
0.063535912
0.127591707
0.035684647
0.039957939
0.008474576
0.011904762
0.008483563
0.013224822
0.05030935
0.037988827
0.202492212
0.012102874
0.269230769
0.164847162
0.023233301
0.003464203
0.004595588
0.014977974
0.170930233
0.022653722
0.008759124
0.017528484
0.089111299
0.092275919
0.023945268
0.239700375
0.151351351
0.007272727
0.009378664
0.129653402
0.025210084
0.002659574
0.016104294
0.013384321
0.008042895
0.014481094
0.057984791
0.080145719
0.01075763
0.045385779
0.00628244
0.012356575
0.0078125
0.008555133
0.033868093
0.012790698
0.042237443
0.129726276
0.017367459
0.008144796
0.004291845
0.010373444
0.119760479
0.237037037
0.162921348
0.244664634
0.071794872
0.021052632
0.208633094
0.142357241
0.254170756
0.093137255
0.032769556
0.101543461
0.209016393
0.103174603
0.046307885
0.009756098
0.073126143
0.0328125
0.014084507
0.008083141
0.003278689
0.237415477
0.00448833
0.003894839
0.039051604
0.004005201
0.150246305
0.073369565
0.315104167
0.012084592
0.005451713
0.00351494
0.013598326
0.008561644
0.020408163
0.033955857
0.033405172
0.011126565
0.053444181
0.509678365
0.039122137
0.041322314
0.030562347
0.006884682
0.055831266
0.05518018
0.154285714
0.018181818
0.048620237
0.130273119
0.134957826
0.071045576
0.23202171
0.045143639
0.021169355
0.049883574
0.05
0.134010152
0.078671329
0.088038278
0.014453478
0.019387755
0.208812261
0.1898017
0.003412969
0.077961019
0.012629162
0.03164557
0.022460938
0.049707602
0.004132231
0.126565478
0.037194474
0.125107112
0.042553191
0.047878128
0.237899073
0.037392138
0.009345794
0.022526934
0.007866273
0.262247839
0.005947324
0.118546845
0.007581334
0.126582278
0.010799136
0.230092082
0.060142712
0.008604207
0.037446809
0.02268431
0.083962264
0.00886918
0.008403361
0.331506849
0.026666667
0.05390185
0.018292683
0.008221994
0.018454441
0.12745098
0.006511628
0.023547881
0.010178117
0.041265475
0.024096386
0.060273973
0.310283731
0.022779043
0.020286396
0.026950355
0.19047619
0.008316008
0.130937099
0.078212291
0.003572733
0.058771149
0.074821853
0.06159769
0.012027491
0.028862479
0.01659292
0.004264392
0.016442451
0.011904762
0.147435897
0.230985915
0.055384615
0.012755102
0.008912656
0.006548347
0.018726592
0.013685239
0.013280212
0.035248042
0.02212766
0.021718602
0.082483781
0.076096688
0.010288066
0.014138817
0.007159905
0.029531568
0.007207207
0.033870968
0.029035013
0.08778626
0.143595041
0.055987558
0.181380417
0.18875502
0.031015038
0.130940834
0.113590264
0.020953757
0.147385103
0.008264463
0.02413273
0.011415525
0.120991254
0.005952381
0.196502058
0.002569298
0.094067797
0.118845501
0.034090909
0.143589744
0.203860072
0.032384691
0.011990408
0.00499002
0.038986355
0.008804109
0.099331423
0.010663507
0.035273369
0.0063011
0.009596929
0.156342183
0.020833333
0.010619469
0.015929204
0.046728972
0.070588235
0.012805588
0.010309278
0.015837104
0.024006623
0.008028546
0.014686248
0.04570185
0.007469655
0.00913242
0.008461248
0.019946809
0.127640037
0.004529114
0.015544041
0.142857143
0.154478976
0.037958115
0.004712556
0.109149278
0.004469274
0.045657016
0.017177914
0.055740433
0.006542056
0.084607543
0.025171625
0.014423077
0.004955401
0.006161972
0.004143646
0.245486276
0.026385224
0.007150153
0.006297577
0.006749156
0.006674082
0.076120959
0.008849558
0.012401353
0.007588533
0.019283747
0.003184713
0.003669725
0.076852699
0.00750268
0.027700831
0.089058524
0.033639144
0.04029799
0.016891892
0.253189401
0.212738854
0.010460251
0.042461005
0.048351648
0.004119464
0.007507508
0.00910596
0.00942285
0.011235955
0.133580705
0.004591368
0.159132007
0.023703704
0.189565741
0.010245902
0.015770456
0.02004008
0.0094451
0.002785515
0.004842615
0.004733728
0.012956419
0.017944535
0.322580645
0.134387352
0.008241758
0.021912351
0.016184971
0.060126582
0.011435832
0.281650071
0.039767216
0.015478093
0.041411043
0.036144578
0.073081608
0.091715976
0.04801055
0.016090193
0.278465347
0.043715847
0.028887363
0.034108527
0.038727524
0.039148936
0.028117359
0.006535948
0.008849558
0.027911453
0.019143118
0.011566772
0.006355932
0.039665971
0.031890661
0.091413185
0.005504587
0.028921023
0.009237875
0.025540275
0.032066508
0.19030837
0.007104796
0.006031363
0.021709634
0.066241792
0.008364512
0.024959742
0.185250219
0.295774648
0.125
0.03125
0.101851852
0.011214953
0.009975062
0.016930023
0.004012841
0.009425071
0.018803419
0.059180577
0.020852221
0.013278856
0.131986057
0.020971302
0.036514523
0.004827031
0.008718396
0.010534846
0.044851755
0.05721831
0.025182778
0.008678361
0.007368236
0.026859504
0.397979798
0.113286713
0.179597701
0.016474465
0.088620342
0.064914992
0.007228916
0.122065728
0.032667877
0.044444444
0.037037037
0.026392962
0.004514673
0.027322404
0.039634146
0.070959264
0.004816956
0.003579098
0.087563452
0.038988409
0.029411765
0.262478485
0.028524857
0.008643042
0.028317152
0.108003108
0.009378664
0.116827438
0.265442404
0.013733906
0.035680751
0.003937008
0.137991266
0.033846154
0.064106162
0.01814882
0.028291621
0.01364366
0.10738255
0.016830295
0.134865135
0.063054187
0.052730697
0.010942761
0.054959786
0.028571429
0.006082725
0.010680908
0.002892263
0.066632921
0.021812081
0.040343749
0.030075188
0.057754011
0.063732929
0.033953998
0.243924392
0.032786885
0.025641026
0.06185567
0.012779553
0.011650485
0.088300221
0.00410509
0.006509357
0.015761821
0.077209318
0.16481675
0.072755418
0.009538951
0.083244397
0.087850467
0.224909311
0.085987261
0.009776536
0.093784079
0.028368794
0.01453958
0.003292181
0.19548311
0.134144627
0.099053993
0.072617247
0.085416667
0.077720207
0.013801757
0.027946537
0.020217729
0.007802341
0.020594966
0.018907563
0.080578512
0.04008222
0.080942623
0.055499495
0.035561878
0.017214397
0.016393443
0.021101993
0.004385965
0.00712831
0.011946749
0.026679679
0.081339713
0.011173184
0.377990431
0.015077439
0.071707953
0.008762322
0.043159609
0.011443662
0.011206897
0.019591141
0.141860465
0.069189189
0.016438356
0.123780945
0.009243724
0.006910168
0.006666667
0.098585826
0.003510312
0.074561404
0.012765957
0.036674817
0.005617978
0.105110897
0.00255102
0.209357653
0.203013481
0.057370518
0.015037594
0.232198142
0.00445236
0.144179894
0.004872941
0.011589404
0.055670103
0.05040448
0.068938193
0.120607029
0.013664596
0.035196687
0.007820137
0.014655172
0.03500761
0.003543586
0.011044177
0.003384095
0.027314112
0.065239551
0.040966103
0.008859358
0.018921476
0.020681265
0.012588513
0.029411765
0.004761905
0.002979146
0.012121212
0.086592179
0.057228916
0.013306039
0.106976744
0.311336717
0.072504708
0.184154176
0.01532567
0.075396825
0.158403869
0.18622449
0.075104312
0.002896452
0.003805175
0.052249637
0.132397192
0.131541726
0.054936306
0.007692308
0.032828283
0.045576408
0.055634807
0.009467456
0.007377049
0.003792668
0.052631579
0.017707363
0.204819277
0.027237354
0.127906977
0.079040853
0.07008761
0.033707865
0.010443864
0.0125
0.016973126
0.013550136
0.012587413
0.058139535
0.036855726
0.012782694
0.009425878
0.075773746
0.017509728
0.146386093
0.007226739
0.081532417
0.057971014
0.072693383
0.214514408
0.007183908
0.002543455
0.018987342
0.01738637
0.007731959
0.015920398
0.005952381
0.005181347
0.022519353
0.227504244
0.012638231
0.024647887
0.024424618
0.059678653
0.008396947
0.178082192
0.060141509
0.324324324
0.004282655
0.002172339
0.007376185
0.009507347
0.008939974
0.08
0.065734266
0.007621951
0.012584705
0.04287902
0.008005337
0.008283133
0.007194245
0.012367491
0.002581756
0.009668508
0.018691589
0.031454784
0.026086957
0.005780347
0.002898551
0.013684211
0.005082592
0.074570596
0.012409514
0.029896907
0.033573141
0.01875
0.005813953
0.007665505
0.039443155
0.006498195
0.039347409
0.003926984
0.007974482
0.009040334
0.022038567
0.008034965
0.003836317
0.011658031
0.009680542
0.005698006
0.006603774
0.067722076
0.006674082
0.004
0.035952064
0.010701546
0.02991453
0.005799503
0.004163197
0.03652968
0.00440044
0.011002445
0.005170866
0.020972103
0.005780347
0.013412817
0.032341527
0.06741573
0.018382353
0.082474227
0.016110472
0.014285714
0.050717703
0.018561485
0.023575639
0.028695652
0.023178808
0.003822307
0.011059908
0.018779343
0.010338346
0.01188455
0.01722488
0.003992016
0.044594595
0.005211674
0.041619798
0.011578612
0.004281013
0.017304189
0.063569682
0.023076923
0.065660648
0.14298893
0.059921415
0.047812818
0.033927057
0.02004717
0.030719483
0.073190789
0.002973241
0.003218958
0.027687296
0.010606061
0.03992016
0.044031311
0.015817223
0.130796671
0.016064257
0.018828452
0.018612521
0.029100529
0.065675341
0.022893773
0.044630404
0.007614262
0.109090059
0.121761658
0.020408163
0.011308562
0.020912548
0.007009346
0.037344398
0.041265475
0.13111546
0.003685504
0.132404181
0.160883281
0.009892828
0.00862069
0.003794943
0.076448829
0.010804999
0.032212885
0.062154696
0.00648694
0.067088608
0.048611111
0.095435685
0.006060606
0.002680965
0.027027027
0.010471204
0.254160363
0.013422819
0.0125
0.061116965
0.279317697
0.006216006
0.026328307
0.051660517
0.054626533
0.011665983
0.020094563
0.002811621
0.009138381
0.016021362
0.052808989
0.042787286
0.009894867
0.008733624
0.017221584
0.003601441
0.012536162
0.090689238
0.112299465
0.004581083
0.006006006
0.012126112
0.004443168
0.044534413
0.113978495
0.16918429
0.01312336
0.003921569
0.020648968
0.003549317
0.009259259
0.003418803
0.022924901
0.0268757
0.06097561
0.092507645
0.026345934
0.046811945
0.210576015
0.056751468
0.00647482
0.040186916
0.009587021
0.014522822
0.00330033
0.202484472
0.013513514
0.01179941
0.011347518
0.061606161
0.048543689
0.017915309
0.006119951
0.011173184
0.013333333
0.022749753
0.033773862
0.004304161
0.018348624
0.02680067
0.035377358
0.047029703
0.024922118
0.010819165
0.007960199
0.065142857
0.06162465
0.005256242
0.019877128
0.004761905
0.013274336
0.004291845
0.027595269
0.035906643
0.00621118
0.053078556
0.031195841
0.024294156
0.123287671
0.017761989
0.149614961
0.010078387
0.013779528
0.003536693
0.021383648
0.007518797
0.032128514
0.012230216
0.031655844
0.030474841
0.005252101
0.020720919
0.008802817
0.125505432
0.008948546
0.006403415
0.013712047
0.009307135
0.006261181
0.153024911
0.004633205
0.017969452
0.022754466
0.005605381
0.002054795
0.014758483
0.006831768
0.007557852
0.488001104
0.08030303
0.077809798
0.007874016
0.224582701
0.010590015
0.047461369
0.239569314
0.043046358
0.00665779
0.014354067
0.010752688
0.020731707
0.009033424
0.037383178
0.003246753
0.004149378
0.013178295
0.018921476
0.022727273
0.082212257
0.091514143
0.046920821
0.005376129
0.004162331
0.003750938
0.04281768
0.040983607
0.035019455
0.341269841
0.007220217
0.037848606
0.004440497
0.00270027
0.01229202
0.02919708
0.01559633
0.004458599
0.019434629
0.019230769
0.007861635
0.039772727
0.017589577
0.058705804
0.008135169
0.037313433
0.022417934
0.033289817
0.016032064
0.229226748
0.016220365
0.006968641
0.087379217
0.048452221
0.04496124
0.250236967
0.004459309
0.005740528
0.10812944
0.065488565
0.105564648
0.011288805
0.106257379
0.045989305
0.010548523
0.003652968
0.015328467
0.00363901
0.005141388
0.065140845
0.069148936
0.013786765
0.279728558
0.021798365
0.216981132
0.016666667
0.038826575
0.009443861
0.04158215
0.026041667
0.112012987
0.07977208
0.032444124
0.00979021
0.002441009
0.005082592
0.090996169
0.008510638
0.00814664
0.026022305
0.065587045
0.016491754
0.153347732
0.034653465
0.037518038
0.036649215
0.107883817
0.459196102
0.106692532
0.15437788
0.097334878
0.0390625
0.005159071
0.011764706
0.022988506
0.013091641
0.023316062
0.010604454
0.018808777
0.090573013
0.032786885
0.027054108
0.034914951
0.002192982
0.020754717
0.187720536
0.069138906
0.012552301
0.080795046
0.065217391
0.110413459
0.018744142
0.018735363
0.003360215
0.016677357
0.056144068
0.177777778
0.099409449
0.114109483
0.05609493
0.011895911
0.098167539
0.033274956
0.036065574
0.126834382
0.003369272
0.003610108
0.100790514
0.106578947
0.083123426
0.087899543
0.071940763
0.057142857
0.050541516
0.123741552
0.064102564
0.107290234
0.115207373
0.003549246
0.013245033
0.052588332
0.080106809
0.202005731
0.062972292
0.075445816
0.003282276
0.130979499
0.083538084
0.100340136
0.076923077
0.350247525
0.01122449
0.125
0.013136289
0.222556391
0.024054983
0.182692308
0.021447721
0.019036954
0.032786885
0.507418398
0.016096579
0.016949153
0.208466454
0.059259259
0.088172043
0.030681818
0.062337662
0.038617886
0.052002811
0.132585752
0.005102041
0.076847705
0.036101083
0.024111675
0.467643468
0.129151292
0.013888889
0.010714286
0.070700204
0.064409579
0.096618357
0.022624434
0.009580838
0.240977881
0.063575168
0.008840864
0.109261939
0.003918495
0.029721956
0.152380952
0.048636358
0.006882989
0.37254902
0.120107962
0.006750241
0.017584994
0.257964258
0.255506608
0.048514851
0.222096956
0.046974522
0.005676443
0.009019166
0.365539452
0.007772021
0.016666667
0.014864865
0.047619048
0.010771993
0.034482759
0.03204524
0.91483871
0.020601512
0.022539444
0.027048528
0.22875226
0.007165605
0.06518283
0.110701107
0.04697286
0.059247398
0.04691358
0.015492958
0.014344262
0.009454545
0.646028037
0.018422809
0.01018011
0.007345226
0.021541011
0.0208901
0.047233468
0.127918782
0.071887035
0.008896797
0.013262599
0.014975042
0.013024602
0.0171278
0.007401316
0.011111111
0.013564269
0.622276029
0.01511335
0.026722925
0.009380863
0.027149321
0.024449894
0.005834306
0.049516908
0.077395577
0.00270027
0.008823529
0.006463527
0.022497188
0.008498584
0.025525526
0.011538462
0.003697889
0.088469185
0.024553571
0.004283283
0.043785311
0.009009009
0.017647059
0.003270646
0.004667445
0.28511822
0.459459459
0.01980198
0.01174743
0.016829052
0.026431718
0.021116139
0.019720624
0.028953229
0.007070707
0.030368764
0.044191919
0.195392491
0.036684783
0.019587629
0.008438819
0.024734982
0.007936508
0.028374893
0.042995839
0.021608643
0.073707371
0.007052186
0.041221374
0.003508772
0.003710575
0.011450382
0.006302521
0.011267606
0.016369048
0.051897754
0.044359949
0.101419878
0.046174142
0.008210263
0.00896861
0.004457652
0.003964321
0.011410788
0.116828929
0.014412417
0.006423983
0.04004329
0.00805153
0.003671072
0.005071851
0.006562756
0.004172462
0.097328244
0.013675214
0.004223865
0.097495528
0.01509434
0.042857143
0.013046815
0.006263048
0.010349288
0.087751371
0.011479592
0.019252548
0.057324841
0.010641375
0.099744246
0.010090817
0.018973214
0.006392694
0.006993007
0.005003574
0.007989348
0.140819964
0.003132341
0.15785124
0.023667798
0.009395973
0.005980861
0.014767932
0.142201835
0.028138528
0.00908059
0.006688963
0.004970179
0.178315066
0.006756757
0.019340159
0.045533003
0.014616322
0.004926108
0.034848485
0.135283364
0.058419244
0.050724638
0.037300178
0.013372957
0.169133192
0.085923218
0.027447392
0.008364312
0.211703959
0.046610169
0.006968641
0.016245487
0.012228261
0.044036697
0.002790698
0.019280206
0.047159253
0.05134189
0.058583106
0.030989273
0.665477252
0.015065913
0.218875502
0.246355685
0.061935484
0.022978723
0.03040719
0.234567901
0.328331862
0.018461538
0.015151515
0.050328228
0.024856597
0.02560241
0.024183797
0.006504065
0.104031209
0.017015707
0.006637719
0.026206897
0.108877722
0.056115669
0.12343298
0.232492997
0.210213777
0.066588785
0.033898305
0.08503937
0.266587678
0.012295082
0.050233645
0.066191446
0.271472393
0.305116279
0.087947883
0.117338299
0.006403415
0.003921569
0.048462571
0.201637666
0.05862069
0.095705521
0.081855389
0.005852231
0.006936416
0.083172147
0.12193701
0.073104693
0.198913043
0.027877124
0.164285714
0.152037618
0.059888579
0.08271572
0.01615074
0.007915567
0.005076142
0.007540057
0.005217391
0.029215359
0.012787724
0.122112211
0.02750275
0.005108557
0.014617369
0.023450586
0.003649635
0.030612245
0.092165899
0.009285714
0.168120088
0.023909986
0.007677543
0.030023095
0.051437216
0.06031746
0.014731369
0.004950495
0.034331629
0.016447368
0.026929982
0.041533546
0.037096774
0.023970037
0.005929079
0.004280822
0.008952551
0.035548795
0.017857143
0.052489906
0.030376671
0.079062958
0.023560209
0.007598784
0.014084507
0.009661836
0.00684262
0.066144473
0.018077239
0.005681818
0.005835791
0.006369427
0.143835616
0.035526316
0.022340919
0.134328358
0.088624339
0.018450185
0.015784587
0.00312256
0.097127223
0.002454992
0.021080408
0.012602399
0.015209125
0.109004739
0.004297994
0.017806268
0.006329114
0.069390902
0.007640879
0.035716961
0.07641196
0.060880829
0.059496568
0.094017094
0.011436741
0.026078235
0.008490566
0.003563792
0.005636071
0.0327654
0.008084074
0.032062392
0.028333333
0.008330208
0.039688716
0.018329939
0.168131868
0.033140017
0.017241379
0.048175182
0.006844106
0.036434109
0.288757396
0.018159806
0.18336887
0.010367578
0.034934498
0.095092025
0.023872679
0.02593361
0.184242424
0.048060708
0.008613264
0.017741935
0.163784334
0.232597183
0.160886377
0.266193434
0.057497182
0.018145161
0.010729614
0.021935484
0.068783069
0.0433213
0.015180266
0.012970169
0.044524669
0.081125871
0.020833073
0.010840108
0.237442922
0.038461538
0.005422993
0.004930966
0.004156276
0.013282732
0.014341591
0.01283697
0.046153846
0.009360374
0.011162791
0.018199234
0.006507592
0.003929273
0.004920049
0.024263432
0.009378664
0.409302326
0.088379705
0.067768595
0.003883495
0.010729614
0.030997305
0.02690583
0.094182825
0.014605648
0.008455035
0.004350979
0.007843137
0.054644809
0.006934813
0.018556701
0.033205619
0.529266282
0.058270277
0.035528649
0.012707722
0.114093712
0.034559643
0.012542759
0.026315789
0.004092769
0.006835938
0.023565574
0.010009099
0.008025682
0.008747022
0.019498607
0.042997543
0.019047619
0.009776536
0.006352087
0.081864046
0.011041009
0.016566265
0.048529412
0.05203252
0.119705341
0.194258846
0.022099448
0.163888889
0.00516129
0.007765315
0.006772009
0.005633803
0.007414272
0.003079292
0.009615385
0.083420229
0.005263158
0.005503145
0.006535948
0.005274262
0.023904382
0.005070994
0.039492243
0.331571995
0.064053455
0.074766355
0.014260295
0.015313936
0.093229745
0.232588699
0.101626016
0.005838198
0.169435216
0.156126482
0.013888889
0.103494624
0.012672811
0.015165031
0.017667845
0.017361133
0.004538578
0.005720824
0.008791209
0.012779553
0.005799503
0.009852217
0.016689847
0.003987241
0.012132893
0.018181818
0.015608741
0.011527378
0.021520803
0.063576159
0.027777778
0.032332564
0.016535433
0.006552007
0.004625347
0.018078021
0.015726179
0.005763689
0.010348071
0.021100917
0.010869565
0.005814456
0.080760095
0.015873016
0.010498688
0.005660377
0.011703511
0.019230769
0.003768844
0.004357298
0.005030181
0.009852217
0.011702128
0.007640879
0.00248139
0.010434783
0.004642526
0.011574074
0.009009009
0.003139717
0.016722408
0.012784091
0.008928571
0.016641452
0.003859164
0.006962576
0.017897092
0.00492126
0.007320644
0.005452563
0.018930958
0.082896118
0.004329004
0.005122951
0.021943574
0.01092233
0.005208333
0.007135576
0.044705882
0.014457831
0.010710808
0.033149171
0.00443459
0.021558872
0.006462036
0.007266122
0.006283662
0.015510949
0.002384738
0.0085796
0.024600246
0.003879728
0.022653722
0.029069767
0.010245902
0.025304592
0.039704524
0.002559727
0.01076716
0.005270092
0.013147083
0.008856683
0.00676819
0.012195122
0.007266122
0.007216495
0.003484321
0.011764706
0.007731959
0.004122012
0.018018018
0.033519553
0.026862027
0.024355301
0.034671533
0.03030303
0.005117707
0.013372957
0.005192108
0.013452915
0.010962241
0.014548982
0.003968254
0.016483516
0.005540166
0.014423077
0.003504673
0.018835616
0.004638219
0.008492569
0.007598784
0.042983565
0.013513514
0.034615385
0.11025641
0.007308161
0.004310345
0.007194245
0.011135857
0.005174644
0.013355593
0.003444317
0.038397329
0.006684492
0.011889036
0.007407407
0.014127144
0.013831259
0.006811989
0.075854701
0.012345679
0.011824324
0.006435006
0.132450331
0.048013245
0.010852713
0.144542773
0.010938924
0.019230769
0.028213166
0.006105006
0.004402455
0.011160714
0.005102041
0.003102378
0.00390117
0.022646007
0.015238095
0.005571031
0.005333333
0.041039672
0.004388854
0.004087193
0.05344296
0.009296149
0.049525817
0.139377537
0.00695825
0.115635179
0.051282051
0.153625954
0.011549567
0.028220859
0.003805899
0.042682927
0.005940594
0.009562842
0.005235602
0.030592734
0.027685493
0.0058873
0.016091954
0.008264463
0.004024145
0.007722008
0.006523765
0.022974607
0.004754358
0.027777778
0.010324484
0.008426966
0.007476636
0.069069069
0.054481547
0.021001616
0.011472275
0.009032258
0.01221374
0.063683305
0.023148148
0.02293578
0.009589041
0.015432099
0.023411371
0.011784512
0.006880734
0.008652658
0.012048193
0.005221932
0.012631579
0.006578947
0.005420054
0.023049645
0.020524515
0.013297872
0.011520737
0.00877193
0.015923567
0.012747875
0.023809524
0.008141113
0.037267081
0.021489971
0.010186757
0.018306647
0.005797101
0.028865979
0.005747126
0.007383966
0.004716981
0.047058824
0.018720749
0.005914684
0.053056517
0.005307856
0.028969957
0.009493671
0.010144928
0.004322776
0.011713031
0.010676157
0.01038961
0.037800687
0.018242123
0.035755479
0.003329634
0.020746888
0.027595269
0.017565872
0.009478673
0.021798365
0.01937046
0.028037383
0.014388489
0.003588517
0.007032349
0.021943574
0.017322835
0.009722222
0.056694813
0.019782394
0.008253095
0.015330189
0.013595166
0.008379888
0.023140496
0.01212938
0.022750776
0.010663507
0.006882989
0.005128205
0.009146341
0.009183673
0.007789679
0.007423182
0.01372549
0.011235955
0.002434087
0.007992008
0.005687204
0.06547619
0.010294118
0.010204082
0.007640068
0.005037783
0.006441224
0.075259516
0.005242464
0.011551155
0.005947324
0.028126192
0.005
0.008608321
0.017857143
0.008948546
0.015138772
0.021220159
0.05
0.012785388
0.009987516
0.006065858
0.054495913
0.014606742
0.010787487
0.00538358
0.007308161
0.004884005
0.013931889
0.035248042
0.011023622
0.012104283
0.008547096
0.014519056
0.0067659
0.023148148
0.004873294
0.019251337
0.004273504
0.009501188
0.010043042
0.052785924
0.006067961
0.007616975
0.057432432
0.009876543
0.002915675
0.016765286
0.004436557
0.006756757
0.012360939
0.025227043
0.041899441
0.006066734
0.044189853
0.004960317
0.010457516
0.006113537
0.016934046
0.00862069
0.014959724
0.016981132
0.013986014
0.01010101
0.003030303
0.011866235
0.028543307
0.005973716
0.006329161
0.022321429
0.038809832
0.011861314
0.004235982
0.008287293
0.022347356
0.004553734
0.006053269
0.019174041
0.008823529
0.085353003
0.008974359
0.01088647
0.004801921
0.035426731
0.02753304
0.037924152
0.014666667
0.019387755
0.018672199
0.015151515
0.020531401
0.006858711
0.00462963
0.019753086
0.010680908
0.009208103
0.038567493
0.005655042
0.011847195
0.007936508
0.005671078
0.007121058
0.010848126
0.005045409
0.032634033
0.006107791
0.029109589
0.024498886
0.008313539
0.006272401
0.008683068
0.021438253
0.007272727
0.015254237
0.017883756
0.006369427
0.014097744
0.008503401
0.012228261
0.005506608
0.011415525
0.008056395
0.004634994
0.008781559
0.004159734
0.007531381
0.005194805
0.01309329
0.052575107
0.013207547
0.006282723
0.003802281
0.012307692
0.031654676
0.086188993
0.096153846
0.052580331
0.026481715
0.00747198
0.006118881
0.009988901
0.004621072
0.21516165
0.007702182
0.013129103
0.011100833
0.010572687
0.042528736
0.008064516
0.019277108
0.024667932
0.013937282
0.029411765
0.00589391
0.106044539
0.01605288
0.109375
0.004578755
0.036585366
0.00902379
0.04534005
0.039084843
0.075842697
0.003669725
0.013146363
0.022885572
0.034798535
0.008496177