0.015165031
0.017667845
0.017361133
0.004538578
0.005720824
0.008791209
0.012779553
0.005799503
0.009852217
0.016689847
0.003987241
0.012132893
0.018181818
0.015608741
0.011527378
0.021520803
0.063576159
0.027777778
0.032332564
0.016535433
0.006552007
0.004625347
0.018078021
0.015726179
0.005763689
0.010348071
0.021100917
0.010869565
0.005814456
0.080760095
0.015873016
0.010498688
0.005660377
0.011703511
0.019230769
0.003768844
0.004357298
0.005030181
0.009852217
0.011702128
0.007640879
0.00248139
0.010434783
0.004642526
0.011574074
0.009009009
0.003139717
0.016722408
0.012784091
0.008928571
0.016641452
0.003859164
0.006962576
0.017897092
0.00492126
0.007320644
0.005452563
0.018930958
0.082896118
0.004329004
0.005122951
0.021943574
0.01092233
0.005208333
0.007135576
0.044705882
0.014457831
0.010710808
0.033149171
0.00443459
0.021558872
0.006462036
0.007266122
0.006283662
0.015510949
0.002384738
0.0085796
0.024600246
0.003879728
0.022653722
0.029069767
0.010245902
0.025304592
0.039704524
0.002559727
0.01076716
0.005270092
0.013147083
0.008856683
0.00676819
0.012195122
0.007266122
0.007216495
0.003484321
0.011764706
0.007731959
0.004122012
0.018018018
0.033519553
0.026862027
0.024355301
0.034671533
0.03030303
0.005117707
0.013372957
0.005192108
0.013452915
0.010962241
0.014548982
0.003968254
0.016483516
0.005540166
0.014423077
0.003504673
0.018835616
0.004638219
0.008492569
0.007598784
0.042983565
0.013513514
0.034615385
0.11025641
0.007308161
0.004310345
0.007194245
0.011135857
0.005174644
0.013355593
0.003444317
0.038397329
0.006684492
0.011889036
0.007407407
0.014127144
0.013831259
0.006811989
0.075854701
0.012345679
0.011824324
0.006435006
0.132450331
0.048013245
0.010852713
0.144542773
0.010938924
0.019230769
0.028213166
0.006105006
0.004402455
0.011160714
0.005102041
0.003102378
0.00390117
0.022646007
0.015238095
0.005571031
0.005333333
0.041039672
0.004388854
0.004087193
0.05344296
0.009296149
0.049525817
0.139377537
0.00695825
0.115635179
0.051282051
0.153625954
0.011549567
0.028220859
0.003805899
0.042682927
0.005940594
0.009562842
0.005235602
0.030592734
0.027685493
0.0058873
0.016091954
0.008264463
0.004024145
0.007722008
0.006523765
0.022974607
0.004754358
0.027777778
0.010324484
0.008426966
0.007476636
0.069069069
0.054481547
0.021001616
0.011472275
0.009032258
0.01221374
0.063683305
0.023148148
0.02293578
0.009589041
0.015432099
0.023411371
0.011784512
0.006880734
0.008652658
0.012048193
0.005221932
0.012631579
0.006578947
0.005420054
0.023049645
0.020524515
0.013297872
0.011520737
0.00877193
0.015923567
0.012747875
0.023809524
0.008141113
0.037267081
0.021489971
0.010186757
0.018306647
0.005797101
0.028865979
0.005747126
0.007383966
0.004716981
0.047058824
0.018720749
0.005914684
0.053056517
0.005307856
0.028969957
0.009493671
0.010144928
0.004322776
0.011713031
0.010676157
0.01038961
0.037800687
0.018242123
0.035755479
0.003329634
0.020746888
0.027595269
0.017565872
0.009478673
0.021798365
0.01937046
0.028037383
0.014388489
0.003588517
0.007032349
0.021943574
0.017322835
0.009722222
0.056694813
0.019782394
0.008253095
0.015330189
0.013595166
0.008379888
0.023140496
0.01212938
0.022750776
0.010663507
0.006882989
0.005128205
0.009146341
0.009183673
0.007789679
0.007423182
0.01372549
0.011235955
0.002434087
0.007992008
0.005687204
0.06547619
0.010294118
0.010204082
0.007640068
0.005037783
0.006441224
0.075259516
0.005242464
0.011551155
0.005947324
0.028126192
0.005
0.008608321
0.017857143
0.008948546
0.015138772
0.021220159
0.05
0.012785388
0.009987516
0.006065858
0.054495913
0.014606742
0.010787487
0.00538358
0.007308161
0.004884005
0.013931889
0.035248042
0.011023622
0.012104283
0.008547096
0.014519056
0.0067659
0.023148148
0.004873294
0.019251337
0.004273504
0.009501188
0.010043042
0.052785924
0.006067961
0.007616975
0.057432432
0.009876543
0.002915675
0.016765286
0.004436557
0.006756757
0.012360939
0.025227043
0.041899441
0.006066734
0.044189853
0.004960317
0.010457516
0.006113537
0.016934046
0.00862069
0.014959724
0.016981132
0.013986014
0.01010101
0.003030303
0.011866235
0.028543307
0.005973716
0.006329161
0.022321429
0.038809832
0.011861314
0.004235982
0.008287293
0.022347356
0.004553734
0.006053269
0.019174041
0.008823529
0.085353003
0.008974359
0.01088647
0.004801921
0.035426731
0.02753304
0.037924152
0.014666667
0.019387755
0.018672199
0.015151515
0.020531401
0.006858711
0.00462963
0.019753086
0.010680908
0.009208103
0.038567493
0.005655042
0.011847195
0.007936508
0.005671078
0.007121058
0.010848126
0.005045409
0.032634033
0.006107791
0.029109589
0.024498886
0.008313539
0.006272401
0.008683068
0.021438253
0.007272727
0.015254237
0.017883756
0.006369427
0.014097744
0.008503401
0.012228261
0.005506608
0.011415525
0.008056395
0.004634994
0.008781559
0.004159734
0.007531381
0.005194805
0.01309329
0.052575107
0.013207547
0.006282723
0.003802281
0.012307692
0.031654676
0.086188993
0.096153846
0.052580331
0.026481715
0.00747198
0.006118881
0.009988901
0.004621072
0.21516165
0.007702182
0.013129103
0.011100833
0.010572687
0.042528736
0.008064516
0.019277108
0.024667932
0.013937282
0.029411765
0.00589391
0.106044539
0.01605288
0.109375
0.004578755
0.036585366
0.00902379
0.04534005
0.039084843
0.075842697
0.003669725
0.013146363
0.022885572
0.034798535
0.008496177