0.012307692
0.01552026
0.020632737
0.037195994
0.077114428
0.015299026
0.003579952
0.006578947
0.019011407
0.025062657
0.007856341
0.013377926
0.081578947
0.036603221
0.005788712
0.008379888
0.004341534
0.005903188
0.013232514
0.00423963
0.007741935
0.004491109
0.010162602
0.024663677
0.023923445
0.041457286
0.008465608
0.003916449
0.004195804
0.004923424
0.006872852
0.014705882
0.017953321
0.006887052
0.011952191
0.005859375
0.006501951
0.003719778
0.012567325
0.018793274
0.027777778
0.00990099
0.008281573
0.02291918
0.006319115
0.012875536
0.008315007
0.008064516
0.014285714
0.006993007
0.036821705
0.008880995
0.003027245
0.018237082
0.114624506
0.003512881
0.004214963
0.05511811
0.028
0.014084507
0.00409021
0.002744739
0.004796163
0.007989348
0.02075227
0.007331378
0.004360465
0.013463892
0.014285714
0.005800464
0.014760148
0.009184845
0.012671595
0.035126235
0.005641749
0.012820513
0.008375209
0.002776328
0.003660781
0.003174603
0.019607843
0.002887392
0.004032258
0.004210526
0.005291005
0.003257329
0.007376185
0.004123711
0.011930586
0.011583012
0.016718913
0.008310249
0.005482456
0.011764706
0.008138352
0.095081967
0.006779661
0.006237006
0.008064516
0.007556675
0.005319149
0.030965392
0.006160164
0.016034985
0.005698006
0.01035503
0.023554604
0.002908387
0.003179651
0.003512885
0.005800464
0.017699115
0.042918455
0.006339144
0.006998962
0.004807692
0.007836991
0.011049724
0.078651685
0.008639309
0.004966887
0.004347826
0.00318134
0.003215434
0.007650273
0.002843602
0.004119464
0.014513788
0.035714286
0.034210526
0.044091711
0.026156942
0.018487395
0.011441648
0.061797753
0.0075
0.038732394
0.012851755
0.011450382
0.00845666
0.011560694
0.023305085
0.012567325
0.015021459
0.012012012
0.030973451
0.011858449
0.033632287
0.020737327
0.069637883
0.024742268
0.023214286
0.038961039
0.087751371
0.085714286
0.014989293
0.012323944
0.013029316
0.007843137
0.005597015
0.006091879
0.028764805
0.011594203
0.015355086
0.036312849
0.010845987
0.030952381
0.024390244
0.035830619
0.007532957
0.014218009
0.006912442
0.050849512
0.018168058
0.007945516
0.010504202
0.010174419
0.005249344
0.003215434
0.01
0.043478261
0.079268293
0.005707763
0.007473842
0.006309148
0.019151847
0.105128205
0.012962963
0.004656577
0.007058824
0.009271523
0.005791506
0.012936611
0.00521932
0.044405682
0.015165031
0.006346328
0.021770682
0.017973856
0.010558069
0.18875502
0.016304348
0.005095541
0.01097561
0.026666667
0.286290323
0.011647255
0.009174312
0.004322767
0.005382131
0.05204461
0.007272727
0.00952381
0.006525285
0.013414634
0.01010101
0.382352941
0.064981949
0.003161222
0.008045253
0.011261261
0.00622084
0.014044944
0.003857281
0.078668684
0.018973214
0.006476684
0.006789525
0.00610998
0.008264463
0.010037641
0.008264463
0.030214425
0.005819593
0.007961783
0.0078125
0.003378378
0.016021362
0.012857143
0.048442907
0.006779661
0.020665901
0.04315197
0.026252983
0.0078125
0.012891785
0.012232416
0.007802341
0.00516129
0.008997429
0.00621118
0.008230453
0.006315789
0.007042254
0.004966887
0.008653846
0.016993464
0.005357143
0.00428271
0.053537285
0.074788902
0.024667932
0.02345679
0.009580838
0.007662835
0.012254902
0.00305499
0.005181347
0.021172638
0.008196721
0.049568966
0.010159652
0.0036452
0.004028197
0.010471204
0.003318584
0.006954103
0.005319149
0.014308426
0.011922504