0.018121911
0.014166667
0.011591149
0.019348269
0.147036182
0.017135863
0.014318011
0.073868149
0.092485549
0.035120148
0.072107765
0.005363985
0.061306533
0.010577705
0.010152284
0.007462687
0.020558003
0.055555556
0.077586207
0.025438596
0.010204082
0.057904412
0.008103728
0.012773723
0.005714286
0.130662021
0.075196409
0.030745968
0.081879195
0.039705882
0.006108202
0.007486631
0.00624025
0.026356589
0.038647343
0.015667575
0.015069968
0.032992036
0.01417004
0.034035656
0.010204082
0.103004292
0.017286085
0.007792208
0.007153076
0.087900724
0.041724618
0.00708502
0.036747459
0.016638935
0.008515815
0.025806452
0.009020619
0.043859649
0.013722127
0.008906883
0.102079395
0.017723881
0.007739938
0.011668611
0.016706444
0.006930693
0.013888889
0.012282497
0.016496465
0.005343511
0.093428345
0.025790349
0.007537688
0.042446941
0.022132797
0.010869565
0.107765452
0.057722309
0.030534351
0.020295203
0.042372881
0.032810271
0.013384321
0.01261034
0.011889036
0.027027027
0.011725293
0.005719733
0.034972678
0.015889831
0.014681892
0.071085495
0.037488285
0.029515939
0.058962264
0.016105417
0.00698324
0.021352313
0.009628611
0.008488964
0.010526316
0.048659384
0.015384615
0.014625229
0.130434783
0.134680135
0.015217391
0.009775171
0.027925532
0.00887574
0.017746914
0.016587678
0.016229713
0.075630252
0.006379585
0.006987578
0.020671835
0.034774436
0.013719512
0.005791506
0.01419214
0.021568627
0.070539419
0.02501787
0.02375
0.1168
0.125
0.0081103
0.00942029
0.050802139
0.154811715
0.028862479
0.138482024
0.005028736
0.030393325
0.006198347
0.009169638
0.008010681
0.158197507
0.01446281
0.140767824
0.01674277
0.015859766
0.027855153
0.014007782
0.03021978
0.097425191
0.010083037
0.007763975
0.063829787
0.059752747
0.028481013
0.020833333
0.020930233
0.008810573
0.027529496
0.01161103
0.008675079
0.010710808
0.026954178
0.023992322
0.024523161
0.012237762
0.02106319
0.012820513
0.037234043
0.020242915
0.013574661
0.008797654
0.008763389
0.040667362
0.019963702
0.021052632
0.007806955
0.026666667
0.022624434
0.006242197
0.022813688
0.005034613
0.01740644
0.022321429
0.018518519
0.015911873
0.020439061
0.014426727
0.013446568
0.010416667
0.014336918
0.016491754
0.034199726
0.030116359
0.026515152
0.044328553
0.016574586
0.053937433
0.012048193
0.006235386
0.011006289
0.007976795
0.008213552
0.034782609
0.036923077
0.012867647
0.011299435
0.01951952
0.006060606
0.023648649
0.007326007
0.043875686
0.029445074
0.013071895
0.021886792
0.028225806
0.064516129
0.00563204
0.010126582
0.035195103
0.016694491
0.045
0.040800616
0.024390244
0.009193777
0.007412898
0.008184524
0.049475262
0.044585987
0.040909091
0.012738854
0.010512484
0.020754717
0.102857143
0.044747082
0.033797217
0.194341943
0.008264463
0.024561404
0.023469388
0.163265306
0.024509804
0.226666667
0.039538715
0.035799523
0.060483871
0.035294118
0.012068966
0.183074266
0.185449358
0.030985915
0.23523622
0.012195122
0.012671595
0.037202381
0.140155729
0.021505376
0.221040189
0.007894737
0.013071895
0.036585366
0.048721072
0.022222222
0.182879377
0.007462687
0.026376147
0.007326007
0.031111111
0.010884354
0.027247956
0.091660406
0.012326656
0.029294274
0.014732965
0.01965602
0.04743083
0.007592191
0.015009381
0.012722646
0.011131725
0.007272727
0.023227384
0.010613208
0.008225617
0.019386107
0.015606242
0.010714286
0.010903427
0.019791667
0.086288416
0.010799136
0.014263074
0.121783877
0.020618557
0.03346856
0.212765957
0.044036697
0.00910596
0.048780488
0.009668508
0.012244898
0.010121457
0.034042553
0.007376185
0.036101083
0.028037383
0.009060023
0.035108959
0.028742515
0.052030457
0.095607235
0.049576784
0.105882353
0.025171625
0.038232795
0.048387097
0.034596376
0.048726467
0.039358601
0.013078471
0.00870322
0.006529851
0.009414226
0.016563147
0.041944709
0.040590406
0.03950426
0.033035714
0.035812672
0.037113402
0.136219641
0.037243948
0.06440678
0.013015184
0.017885324
0.027603513
0.018721756
0.012750455
0.006831768
0.009885932
0.033382789
0.01659751
0.007575758
0.067526555
0.032535885
0.027536232
0.040128411
0.072151899
0.009296149
0.027272727
0.018691589
0.041666667
0.01572327
0.010328068
0.068144499
0.067926757
0.008305648
0.02952381
0.106230032
0.064670659
0.041625372
0.006100943
0.009041007
0.008057296
0.040644172
0.053254438
0.036163522
0.007738607
0.013990268
0.010025063
0.014693878
0.005992011
0.028647568
0.007614213
0.007115136
0.111918605
0.107638889
0.101748808
0.011098779
0.011206897
0.016096579
0.022703818
0.040268456
0.084521385
0.012254902
0.023126735
0.219512195
0.028142589
0.024742268
0.058935361
0.081289418
0.009332376
0.00552868
0.011026293
0.01391162
0.007125891
0.006179197
0.016493056
0.0606469
0.019657578
0.014983713
0.02188392
0.007773852
0.010869565
0.03125
0.016544118
0.074925075
0.048909451
0.019349164
0.00907441
0.083798883
0.022284123
0.022164276
0.066528067
0.03008596
0.016317016
0.014722537
0.019070322
0.056300268
0.042671614
0.012967201
0.010461246
0.052913199
0.014109347
0.015367728
0.14028436
0.012623986
0.005226481
0.027816412
0.012212644
0.014897579
0.009615385
0.098705502
0.118025751
0.024513948
0.012927054
0.019848771
0.061116032
0.107266436
0.006807867
0.017878427
0.047949162
0.090909091
0.006833713
0.012567325
0.023121387
0.017642342
0.014492754
0.113886114
0.008014797
0.020224719
0.011900192
0.043636364
0.008882309
0.041387025
0.031434185
0.058020478
0.032157676
0.106939704
0.025721455
0.011228534
0.013377926
0.005208333
0.014551334
0.008856089
0.026666667
0.009414929
0.015518914
0.014150943
0.025014213
0.012288786
0.174242424
0.018425461
0.014647137
0.017871649
0.015128593
0.051652893
0.006329114
0.007275667
0.009819121
0.010080645
0.024930748
0.013513514
0.021808852
0.17457114
0.012954966
0.037292025
0.016114593
0.016213086
0.015300546
0.006309148
0.034751348
0.010321101
0.009797918
0.008977901
0.033050847
0.042682927
0.042458101
0.014959724
0.07310705
0.042741935
0.013057671
0.012773723
0.009957326
0.017306245
0.011065007
0.035616438
0.040223464
0.018338109
0.070157068
0.017725258
0.035428571
0.010388611
0.034395973
0.02293578
0.014234875
0.045857988
0.007640879
0.015738499
0.01003009
0.042846213
0.011306533
0.047535211
0.035561878
0.019011407
0.0642978
0.010396975
0.005507474
0.04975923
0.006093433
0.011152416
0.012810248
0.087179487
0.041811847
0.161676647
0.022530329
0.015810277
0.027372263
0.018587361
0.045906656
0.011187073
0.013477089
0.007616975
0.01826484
0.138697724
0.035433071
0.017346939
0.024412297
0.022082019
0.03480589
0.008864644
0.03891709
0.02662037
0.012195122
0.007125891
0.007425743
0.033333333
0.019832189
0.013343799
0.016504126
0.031626506
0.005477308
0.050414805
0.008653846
0.165137615
0.023034552
0.005429864
0.028953229
0.015873016
0.035665295
0.030973451
0.006357279
0.008354219
0.005771249
0.159925327
0.012025316
0.01665206
0.005886681
0.019065777
0.014781966
0.007453416
0.117460317
0.015682657
0.015691869
0.029447853
0.010930772
0.192708333
0.005371531
0.027494108
0.237553343
0.01843318
0.142372881
0.134877384
0.026350461
0.01459854
0.291907514
0.02528445
0.024
0.031914894
0.014237856
0.0104
0.221893491
0.009355509
0.029989659
0.063197026
0.057731959
0.173553719
0.02546523
0.016713092
0.020278834
0.014799154
0.031554344
0.021491783
0.020176545
0.019480519
0.014516129
0.027247956
0.018444266
0.014285714
0.006763285
0.096820809
0.019758507
0.019742489
0.04388422
0.007992008
0.006835938
0.055062167
0.005703422
0.01722282
0.009504413
0.081545064
0.027620841
0.023602484
0.017021277
0.015463918
0.028712059
0.029315961
0.034782609
0.006514658
0.023956723
0.017477563
0.025641026
0.007142857
0.073482428
0.007142857
0.010851419
0.065508021
0.010603589
0.009419152
0.009234828
0.009271523
0.023545706
0.011111111
0.007919366
0.007797271
0.007209063
0.066069429
0.007600434
0.026097272
0.018779343
0.030633084
0.008695652
0.02704577
0.01026393
0.070904645
0.067675868
0.038398245
0.01160221
0.011764706
0.008488964
0.006896552
0.005387205
0.016393443
0.061630219
0.006923838
0.008447044
0.007782101
0.023952096
0.318493151
0.0089982
0.007199424
0.075905693
0.354992076
0.022749753
0.059665871
0.022788204
0.008557457
0.016940949
0.059398496
0.006662225
0.008960573
0.018837019
0.326295585
0.015358362
0.008059516
0.011854361
0.01038961
0.005121043
0.018445323
0.289148798
0.023696682
0.014021312
0.224820144
0.010078387
0.012574454
0.008426966
0.00877193
0.016923077
0.171597633
0.025614754
0.02279924
0.010989011
0.012467192
0.017857143
0.013592233
0.016713092
0.278037383
0.032967033
0.011955594
0.020571429
0.163265306
0.019971469
0.034615385
0.008739076
0.022012579
0.013186813
0.01443299
0.012373453
0.229850746
0.008641005
0.024279211
0.154545455
0.017193948
0.010427529
0.209954751
0.011890606
0.011603376
0.005025126
0.013779528
0.131443299
0.025450689
0.017159199
0.021201413
0.01164295
0.007479432
0.0058855
0.00778412
0.00862069
0.021922428
0.049145299
0.013563502
0.009940358
0.017699115
0.012102874
0.065185185
0.04952381
0.015948963
0.023335231
0.036316472
0.02519685
0.006950478
0.034852547
0.033659066
0.040506329
0.067748092
0.022624434
0.007374631
0.048449612
0.015799868
0.011335013
0.059372349
0.010204082
0.024080268
0.058939096
0.010204082
0.01511879
0.012875536
0.005521049
0.015503876
0.011157601
0.029435163
0.024739583
0.006118287
0.054770318
0.005970149
0.011757426
0.011372868
0.006849315
0.010346379
0.041297935
0.011257036
0.0105465
0.02374169
0.063492063
0.036656891
0.053968254
0.021563342
0.026595745
0.010460251
0.006228374
0.009304057
0.029822926
0.009727626
0.006856024
0.028121485
0.008972268
0.01310717
0.007168459
0.020720721
0.013301088
0.03539823
0.031620553
0.010917031
0.017241379
0.016064257
0.007444169
0.011568123
0.009803922
0.009708738
0.006003431
0.008781559
0.020429009
0.016498625
0.010719755
0.017467249
0.055789474
0.009259259
0.021676301
0.016260163
0.017811705
0.010666667
0.009202454
0.024679171
0.039403621
0.016339869
0.008547009
0.041312272
0.021937843
0.01996008
0.013919414
0.063782991
0.006111111
0.008912656
0.04496124
0.012320329
0.006224066
0.01863354
0.008752735
0.05921681
0.008359457
0.008908686
0.014084507
0.143589744
0.014755959
0.012444444
0.021871203
0.012994684
0.014686248
0.010810811
0.011538462
0.044903778
0.011173184
0.134265734
0.020504732
0.021192053
0.014981273
0.056818182
0.012142238
0.020960108
0.028673835
0.008629989
0.019386107
0.027729636
0.019903912
0.013678906
0.021394612
0.020682523
0.022922636
0.007655502
0.126491647
0.01585504
0.026755853
0.050371594
0.044455544
0.023036649
0.046468401
0.031974922
0.114189757
0.005173688
0.006357856
0.018060837
0.00617284
0.006622517
0.097744361
0.029569892
0.012958963
0.034035656
0.022522523