0.172727273
0.05511811
0.033783784
0.040935673
0.038095238
0.053892216
0.03125
0.021765417
0.143925234
0.007849294
0.015602837
0.13037448
0.012658228
0.01799775
0.011013216
0.171532847
0.19250646
0.019047619
0.205347594
0.023275862
0.186177715
0.012638231
0.146214099
0.005630631
0.349804941
0.166666667
0.024137931
0.038461538
0.012477718
0.037946429
0.030797101
0.04674221
0.157598499
0.078488372
0.058974359
0.015151515
0.160606061
0.035
0.021505376
0.019230769
0.016
0.027522936
0.075471698
0.029220779
0.118251928
0.065217391
0.008737864
0.022260274
0.015533981
0.07963595
0.090521832
0.008325624
0.034883721
0.009646302
0.011709602
0.022954092
0.024884793
0.01497006
0.007481297
0.01542777
0.0112
0.024752475
0.028985507
0.031669866
0.022222222
0.008506616
0.011494253
0.013371538
0.017921147
0.021570319
0.010385757
0.074135091
0.008647313
0.127483444
0.048
0.149384886
0.018975332
0.025352113
0.115191987
0.017857143
0.008275862
0.114247312
0.006033183
0.011790715
0.027894003
0.01065449
0.007898894
0.120639535
0.073015873
0.015727392
0.043551089
0.015486726
0.057736721
0.033802817
0.015625
0.06175772
0.013856813
0.051912568
0.015538291
0.02173913
0.137850467
0.013333333
0.01750547
0.021276596
0.023419204
0.032634033
0.051219512
0.037647059
0.029166667
0.044715447
0.014218009
0.008316008
0.054892601
0.064587973
0.04978355
0.015564202
0.029288703
0.094420601
0.014953271
0.031380753
0.07635468
0.070726916
0.010830325
0.127659574
0.028571429
0.017333333
0.017326733
0.094117647
0.052447552
0.02300885
0.017110266
0.037243948
0.058195926
0.011741683
0.028455285
0.098455598
0.01843318
0.043678161
0.013358779
0.039473684
0.024539877
0.037383178
0.020242915
0.024615385
0.017391304
0.102689487
0.037037037
0.013358779
0.022421525
0.035353535
0.020725389
0.16
0.023255814
0.105
0.047904192
0.234513274
0.206730769
0.080267559
0.05090312
0.051666667
0.025316456
0.011608624
0.05210084
0.048986486
0.059602649
0.046255507
0.020030817
0.121118012
0.021337127
0.061023622
0.023026316
0.010507881
0.056195965
0.029299363
0.012688343
0.012903226
0.044
0.023952096
0.013157895
0.018691589
0.034707158
0.036842105
0.014038877
0.325779037
0.057291667
0.114285714
0.013559322
0.018248175
0.084592145
0.023648649
0.023148148
0.077844311
0.035294118
0.041401274
0.023333333
0.100609756
0.081545064
0.06870229
0.09631728
0.018315018
0.100529101
0.160899654
0.052380952
0.011703511
0.020053476
0.01050175
0.011166253
0.010294118
0.010719755
0.114192496
0.01171875
0.056716418
0.025862069
0.103174603
0.021978022
0.116751269
0.034090909
0.058219178
0.020477816
0.027472527
0.011494253
0.024767802
0.1
0.035087719
0.035714286
0.060070671
0.046875
0.142011834
0.019736842
0.03125
0.019480519
0.063559322
0.020408163
0.028571429
0.013477089
0.042328042
0.016172507
0.014457831
0.009575923
0.053042122
0.037463977
0.018939394
0.05
0.031944444
0.013355593
0.078947368
0.036308623
0.053645117
0.035897436
0.010840108
0.039189189
0.019971469
0.046656299
0.036065574
0.011666667
0.055062167
0.062786135
0.015457788
0.053623188
0.023771791
0.013351135
0.046590909
0.044596913
0.051282051
0.047830923
0.011029412
0.009814613
0.012019231
0.021965318
0.013842746
0.015936255
0.011661808
0.015102481
0.013836478
0.026350461
0.022310757
0.086383602
0.013480392
0.017114914
0.016248154
0.039751553
0.016583748
0.071611253
0.012195122
0.038865546
0.018666667
0.007727975
0.009489917
0.016726404
0.008519702
0.02677532
0.020920502
0.028446389
0.017045455
0.05312085
0.077504726
0.027538726
0.027522936
0.007920792
0.024533857
0.014457831
0.021428571
0.018965517
0.008663366
0.011627907
0.027845036
0.01754386
0.024886878
0.026511135
0.024159664
0.012539185
0.008303677
0.024778761
0.012965964
0.065140845
0.01754386
0.016366612
0.037575758
0.01210121
0.022670025
0.01294964
0.016119747
0.011764706
0.012484395
0.030612245
0.00752587
0.025065963
0.057486631
0.021592443
0.011881188
0.009090909
0.021924482
0.006662225
0.0112
0.077114428
0.024637681
0.093984962
0.021321962
0.042510121
0.020188425
0.015011547
0.046979866
0.075514874
0.038323353
0.013157895
0.081570997
0.037936267
0.025606469
0.054474708
0.038701623
0.018599562
0.082624544
0.021108179
0.175648703
0.040816327
0.042696629
0.031209363
0.025974026
0.062947067
0.01426025
0.023668639
0.072751323
0.008284024
0.014634146
0.048338369
0.008356546
0.063655031
0.026948989
0.039240506
0.07
0.014888337
0.059418458
0.006637168
0.051428571
0.012834225
0.077574048
0.011725293
0.146543779
0.046728972
0.022750776
0.00747198
0.010609037
0.026537998
0.029673591
0.034188034
0.060200669
0.028409091
0.021406728
0.086834734
0.056756757
0.040816327
0.066481994
0.015086207
0.038548753
0.047619048
0.093816631
0.022727273
0.083018868
0.097046414
0.024193548
0.050359712
0.00877193
0.015247776
0.037037037
0.017653167
0.06512301
0.013582343
0.029569892
0.054597701
0.086898396
0.036322361
0.019125683
0.01814059
0.095918367
0.02266289
0.049886621
0.039933444
0.040207523
0.021939954
0.034712951
0.059474412
0.016200295
0.06006006
0.017094017
0.088195387
0.036158192
0.09375
0.058473736
0.033218786
0.126036484
0.01734104
0.018312623
0.022263451
0.009615385
0.034672304
0.015947467
0.036842105
0.023166023
0.016369048
0.011204482
0.024731183
0.035175879
0.008289375
0.014937107
0.016544118
0.014749263
0.074363992
0.013798112
0.01369863
0.069484241
0.007326007
0.020746888
0.038610039
0.016718913
0.01442623
0.00933956
0.013995801
0.02027575
0.005409583
0.022660819
0.017381228
0.105459057
0.044080605
0.015206372
0.017628205
0.027339642
0.01203966
0.010891089
0.010526316
0.082942097
0.018947368
0.029366306
0.014440433
0.012006861
0.03125
0.025641026
0.278884462
0.165829146
0.012195122
0.014634146
0.041984733
0.143141153
0.141372141
0.130346232
0.009960159
0.095238095
0.092274678
0.042635659
0.031746032
0.059548255
0.040345821
0.025125628
0.020366599
0.080133556
0.017421603
0.023529412
0.019138756
0.043737575
0.035971223
0.012532637
0.100656455
0.022253129
0.022181146
0.016129032
0.0078125
0.097813579
0.018338727
0.09739369
0.038888889
0.010438413
0.024838013
0.080188679
0.05360134
0.045751634
0.031563845
0.034372502
0.012254902
0.015189873
0.022972973
0.028776978
0.076612903
0.017684887
0.013386881
0.017713366
0.011986301
0.0651341
0.015503876
0.086363636
0.013755158
0.013490725
0.012048193
0.07120743
0.075091575
0.034739454
0.067114094
0.018675722
0.020725389
0.187347932
0.023131673
0.011811024
0.040133779
0.095833333
0.013722127
0.02
0.073921971
0.048991354
0.06013363
0.221461187
0.037753223
0.010184097
0.008213552
0.039558418
0.041564792
0.13729128
0.149787234
0.026160338
0.052389706
0.050322581
0.028739003
0.167654028
0.005405405
0.009002251
0.05848329
0.019985724
0.009059233
0.138634764
0.023957409
0.037962963
0.022900763
0.022749753
0.01459854
0.013355593
0.006075334
0.012556054
0.036923077
0.016736402
0.005295675
0.026440038
0.008249313
0.011241218
0.014678899
0.029492455
0.016624041
0.03624318
0.029895366
0.13830679
0.120676968
0.023952096
0.011725293
0.008547009
0.030546624
0.108548168
0.020437956
0.03565365
0.163461538
0.046255507
0.051379638
0.00554785
0.032525952
0.025570145
0.029840849
0.035749752
0.018181818
0.025139665
0.046989721
0.030821918
0.137853107
0.026097272
0.009345794
0.016018307
0.054373522
0.013856813
0.082690187
0.00921659
0.109589041
0.092479675
0.007976072
0.101075269
0.013050571
0.027968338
0.011190234
0.018229167
0.007469655
0.108345534
0.09221902
0.019762846
0.02238806
0.019047619
0.055309735
0.147773279
0.123613312
0.047933884
0.019064125
0.084260731
0.101949025
0.040601504
0.016691958
0.055900621
0.043859649
0.076190476
0.122302158
0.076167076
0.019011407
0.012269939
0.016563147
0.015345269
0.028571429
0.035564854
0.015801354
0.095975232
0.011695906
0.032786885
0.025700935
0.044854881
0.043233083
0.025179856
0.013307985
0.018518519
0.030927835
0.021834061
0.040084388
0.010362694
0.043942993
0.015283843
0.05409154
0.090425532
0.018487395
0.022346369
0.042857143
0.011655012
0.025062657
0.241486068
0.084084084
0.036842105
0.011385199
0.016326531
0.022540984
0.021486124
0.016
0.02004008
0.076595745
0.054545455
0.023255814
0.016260163
0.086363636
0.011049724
0.016778523
0.013297872
0.020671835
0.088531187
0.022988506
0.069139966
0.082437276
0.045845272
0.042671614
0.014577259
0.040102389
0.199494949
0.028985507
0.252525253
0.054263566
0.017730496
0.028089888
0.023166023
0.041322314
0.071942446
0.185430464
0.010416667
0.043147208
0.072599532
0.158774373
0.015060241
0.04290429
0.024449878
0.042154567
0.055727554
0.039761431
0.012320329
0.16563147
0.168981481
0.06263048
0.024719101
0.059055118
0.027956989
0.04375
0.062322946
0.013592233
0.024886878
0.037664783
0.012750455
0.031914894
0.022364217
0.021201413
0.0175
0.019855596
0.024316109
0.148453608
0.013513514
0.031034483
0.024096386
0.016528926
0.019438445
0.07012987
0.013422819
0.22754491
0.015936255
0.02184466
0.018761726
0.0375
0.087301587
0.017057569
0.034146341
0.071570577
0.034482759
0.020247469
0.046989721
0.032906764
0.017777778
0.026501767
0.048316252
0.017777778
0.05078125
0.035714286
0.131291028
0.012635379
0.022883295
0.022
0.033285094
0.03015873
0.032210835
0.038888889
0.030769231
0.019493177
0.155052265
0.064516129
0.02303263
0.016042781
0.03926097
0.060402685
0.015521064
0.019083969
0.023411371
0.039175258
0.014861996
0.025454545
0.023076923
0.054794521
0.020997375
0.03125
0.06443299
0.080597015
0.017482517
0.093150685
0.020771513
0.017241379
0.045454545
0.099206349
0.030075188
0.044600939
0.056994819
0.011312217
0.049180328
0.027027027
0.039156627
0.032846715
0.029885057
0.031319911
0.051671733
0.028985507
0.041450777
0.056737589
0.056
0.026548673
0.03125
0.04
0.031674208
0.033707865
0.026845638
0.049056604
0.149700599
0.021052632
0.02734375
0.026200873
0.033707865
0.069767442
0.032051282
0.037288136
0.020408163
0.056818182
0.028248588
0.086614173
0.056497175
0.026536313
0.041744548
0.015277778
0.010666667
0.012635379
0.021466905
0.012578616
0.034946237
0.016771488
0.170686456
0.086142322
0.027911453
0.019230769
0.033088235
0.031215162
0.084168337
0.00812065
0.016216216
0.154109589
0.051934827
0.090604027
0.033674963
0.015942029
0.073566085
0.040229885
0.080133556
0.011342155
0.073417722
0.041198502
0.045977011
0.018617021
0.012844037
0.023166023
0.016901408
0.118136439
0.070818071
0.011668611
0.086369771
0.034124629
0.108108108
0.012658228
0.057291667
0.221052632
0.071759259
0.139215686
0.15576324
0.055865922
0.075060533
0.019292605
0.011730205
0.08
0.015267176
0.019332162
0.130363036
0.03030303
0.137992832
0.07960199
0.084782609
0.013297872
0.013969732
0.0997151
0.060810811
0.017391304
0.006016847
0.127921279
0.019562716
0.122171946
0.031654676
0.016378526
0.016147636
0.020361991
0.010763209
0.016146394
0.017793594
0.054298643
0.017172524
0.016393443
0.008979592
0.030129125
0.016871166
0.026827012
0.019675926
0.018619085
0.007177033
0.015151515
0.011665587
0.018947368
0.02385159
0.018315018
0.015332198
0.022670025
0.019132653
0.022267206
0.015267176
0.032467532
0.051136364
0.072115385
0.013833992
0.015665796
0.043352601
0.034412955
0.014842301
0.017199017
0.03601108
0.022727273
0.073846154
0.02699784
0.01532567
0.084432718
0.051792829
0.076555024
0.060240964
0.063882064
0.042145594
0.055288462
0.017632242
0.037313433
0.027591973
0.024064171
0.016528926
0.030167598
0.019947962
0.065853659
0.065530799
0.012035011
0.031814273
0.08
0.074148297
0.068058076
0.078972407
0.014336918
0.022727273
0.02739726
0.020356234
0.02303263
0.018315018
0.031496063
0.012027491
0.018276762
0.019067797
0.020746888
0.083892617
0.024205749
0.085536547
0.029333333
0.055762082
0.027562446
0.134615385
0.014772727
0.0171278
0.021573604
0.088765603
0.098106713
0.294871795
0.018080668
0.279147982
0.019736842
0.01894452
0.017077799
0.015579357
0.019058296
0.032442748
0.018292683
0.010948905
0.02173913
0.019953052
0.011164274
0.038461538
0.103986135
0.010688836
0.054673721
0.020972355
0.006889764
0.010036496
0.021030494
0.117717004
0.096774194
0.112576065
0.021276596
0.013921114
0.051612903
0.126126126
0.018461538
0.027989822
0.051413882
0.041002278
0.016722408
0.011627907
0.078880407
0.116719243
0.020491803
0.106870229
0.016826923
0.069343066
0.071578947
0.042160738
0.029925187
0.050802139
0.072941176
0.046511628
0.037037037
0.038288288
0.162939297
0.023206751
0.076446281
0.104225352
0.076586433
0.195933457
0.125
0.070811744
0.026748971
0.055421687
0.052141527
0.054151625
0.028508772
0.017716535
0.028017241
0.053370787
0.022587269
0.019512195
0.023679417
0.052980132
0.01793722
0.022267206
0.23796034
0.014563107
0.117302053
0.013024602
0.007413509
0.028263795
0.047413793
0.016474465
0.013717421
0.033256881
0.043041607
0.027480916
0.00742115
0.041322314
0.028871391
0.023010547
0.059813084
0.016393443
0.024131274
0.042763158
0.026258206
0.063444109
0.015182186
0.05483871
0.033707865
0.06779661
0.024778761
0.007151371
0.21286031
0.020304569
0.124668435
0.09375
0.02962963
0.036363636
0.025423729
0.1
0.10707457
0.032994924
0.044624746
0.058823529
0.048622366
0.049610895
0.009803922
0.017150396
0.05401662
0.044169611
0.022253129
0.02435724
0.011049724
0.016685206
0.099778271
0.040816327
0.015873016
0.022913257
0.038539554
0.019893899
0.012295082
0.069364162
0.070645554
0.019230769
0.061662198
0.062006764
0.052631579
0.067567568
0.054809843
0.006321113
0.015068493
0.076704545
0.027431421
0.034934498
0.084183673
0.166089965
0.06462585
0.043010753
0.202090592
0.054913295
0.051383399
0.061538462
0.06824147
0.218487395
0.007751938
0.01226158
0.018947368
0.014705882
0.009911894
0.025641026
0.262896825
0.01843318
0.015486726
0.077002053
0.02020202
0.2625
0.020637899
0.273631841
0.015936255
0.25695581
0.054298643
0.007113821
0.029310345
0.037149356
0.042237443
0.07325684
0.098611111
0.010771993
0.01026694
0.077380952
0.012195122
0.013539652
0.065909091
0.037328094
0.074157303
0.044850498
0.074410163
0.008143322
0.04
0.034965035
0.017064846
0.014056225
0.020661157
0.035460993
0.014240506
0.009188361
0.016344725
0.027837259
0.044117647
0.133555927
0.032894737
0.052550232
0.076470588
0.037396122
0.078212291
0.125364431
0.028497409
0.138047138
0.015384615
0.031700288
0.081081081
0.135220126
0.303370787
0.045454545
0.062200957
0.164974619
0.035190616
0.042168675
0.044083527
0.016227181
0.120649652
0.008254717
0.036363636
0.011940299
0.013953488
0.026548673
0.014681892
0.022774327
0.078167116
0.018678161
0.02293578
0.058212058
0.060998152
0.057888763
0.012379642
0.010477299
0.011945392
0.0784
0.024
0.011454754
0.00955414
0.008583691
0.012302285
0.009761388
0.010227273
0.008196721
0.041825095
0.021582734
0.015801354
0.008316008
0.0125
0.019354839
0.014084507
0.024144869
0.025236593
0.010683761
0.067885117
0.032786885
0.020089286
0.023809524
0.095679012
0.026143791
0.04516129
0.213043478
0.016393443
0.012448133
0.032258065
0.045454545
0.031413613
0.045918367
0.037558685
0.033149171
0.028846154
0.050761421
0.027027027
0.050561798
0.044776119
0.017928287
0.034965035
0.051001821
0.033674963
0.07486631
0.031941032
0.025297619
0.054179567
0.045918367
0.037267081
0.02244898
0.011437908
0.011363636
0.012578616
0.043189369
0.06122449
0.055363322
0.018115942
0.034482759
0.03564728
0.009146341
0.028795812
0.016293279
0.083172147
0.016908213
0.0234375
0.014056225
0.088305489
0.088571429
0.019900498
0.040302267
0.024911032
0.016722408
0.017412935
0.02027027
0.078804348
0.020533881
0.013550136
0.060606061
0.087378641
0.01971831
0.019480519
0.008077544
0.007619048
0.013812155
0.027472527
0.017150396
0.039832285
0.030042918
0.00862069
0.01986755
0.247058824
0.013445378
0.013623978
0.215889465
0.081210191
0.027932961
0.065104167
0.202471483
0.207970112
0.006105006
0.014772727
0.009326425
0.035955056
0.096359743
0.075987842
0.008587786
0.027322404
0.140997831
0.055443548
0.04389313
0.036764706
0.016624041
0.009689922
0.045751634
0.012451362
0.009404389
0.016447368
0.015806112
0.017809439
0.03470437
0.068807339
0.013237064
0.012048193
0.036906854
0.055077453
0.019630485
0.037735849
0.009308511
0.033526012
0.027027027
0.019345238
0.024271845
0.010238908
0.012793177
0.022360248
0.025988701
0.074534161
0.008998875
0.011574074
0.03566879
0.226760563
0.130824373
0.02166065
0.023941068
0.021390374
0.097099622
0.009819967
0.022312373
0.095158598
0.04005168
0.099388379
0.011396011
0.034674064
0.096056623
0.020224719
0.013140604
0.008908686
0.011862396
0.08
0.019553073
0.008610086
0.095
0.016100179
0.01369863
0.01194354
0.02179599
0.048423423
0.022857143
0.009958506
0.034482759
0.032637076
0.011600928
0.106157113
0.133333333
0.029484029
0.048654244
0.014332966
0.010273973
0.01025641
0.03715847
0.013392857
0.022687609
0.03960396
0.008820287
0.102836879
0.03264095
0.012288786
0.025824964
0.091580502
0.013544018
0.011530398
0.016691958
0.011320755
0.010649627
0.094879518
0.007692308
0.025358324
0.118742724
0.094951923
0.073710074
0.108938547
0.01754386
0.053547523
0.009367681
0.025142857
0.128676471
0.085820896
0.054104478
0.015873016
0.006342495
0.007532957
0.042643923
0.046511628
0.011540391
0.040690506
0.020910209
0.025416998
0.018660812
0.014159292
0.054433714
0.01063022
0.017924528
0.011494253
0.012738854
0.006389776
0.0664
0.006299213
0.008139535
0.009861933
0.041339986
0.042372881
0.009826153
0.019390582
0.023255814
0.014204545
0.018484288
0.016029593
0.027681661
0.035278155
0.027439024
0.009163803
0.069284065
0.011456628
0.037563822
0.014414414
0.013586957
0.016454749
0.009416196
0.00622084
0.015584416
0.021917808
0.010536398
0.020993702
0.018518519
0.005181347
0.080867028
0.01443175
0.018072289
0.02039429
0.009852217
0.014796547
0.043817787
0.011436741
0.019628099
0.096688742
0.007268951
0.017400205
0.010204082
0.173333333
0.006485084
0.069230769
0.062642369
0.020477816
0.0486618
0.006527415
0.008998875
0.007042254
0.009285051
0.058058058
0.112426036
0.053108808
0.02247191
0.048533333
0.026281209
0.05988024
0.157706093
0.03343465
0.026217228
0.012315271
0.081632653
0.02310231
0.117154812
0.033381713
0.180428135
0.042253521
0.031578947
0.101333333
0.038374718
0.098039216
0.052631579
0.101580135
0.069767442
0.118483412
0.017660044
0.026011561
0.044198895
0.050179211
0.017003188
0.022082019
0.036262204
0.011389522
0.018617021
0.021008403
0.035842294
0.055900621
0.018716578
0.03626943
0.057823129
0.025210084
0.021505376
0.009638554
0.05801105
0.019774011
0.075144509
0.11352657
0.031034483
0.064
0.021276596
0.021978022
0.023584906
0.037671233
0.037344398
0.073643411
0.038071066
0.022801303
0.053291536
0.055363322
0.07239819
0.074906367
0.024291498
0.057926829
0.00952381
0.027972028
0.101214575
0.022222222
0.036072144
0.029205607
0.025477707
0.040747029
0.018716578
0.015873016
0.022727273
0.033653846
0.016326531
0.013307985
0.03008596
0.030456853
0.026634383
0.021645022
0.022698613
0.04173913
0.024367385
0.014037985
0.190340909
0.054290718
0.043985637
0.028645833
0.083333333
0.024663677
0.022408964
0.019292605
0.021978022
0.201646091
0.02016129
0.082251082
0.068322981
0.024137931
0.163580247
0.028169014
0.156862745
0.014367816
0.032163743
0.042944785
0.2
0.01986755
0.029411765
0.022883295
0.053061224
0.015151515
0.035031847
0.102389078
0.023255814
0.047393365
0.028880866
0.047794118
0.025179856
0.019736842
0.024456522
0.104859335
0.046997389
0.035443038
0.044025157
0.107806691
0.017156863
0.028673835
0.035046729
0.116704805
0.04029304
0.032828283
0.026442308
0.025641026
0.022900763
0.036231884
0.09832636
0.025641026
0.046332046
0.018957346
0.036734694
0.02690583
0.034858388
0.2
0.034300792
0.046439628
0.018099548
0.01754386
0.051391863
0.022172949
0.018716578
0.021028037
0.02915952
0.011764706
0.070294785
0.025139665
0.107526882
0.015189873
0.017467249
0.02507837
0.013363029
0.018965517
0.088571429
0.32815534
0.06374502
0.132958801
0.017699115
0.03237858
0.040983607
0.101030928
0.023752969
0.018987342
0.034545455
0.036734694
0.095982143
0.167259786
0.150997151
0.164305949
0.066037736