0.035120148
0.045576408
0.05
0.046568627
0.048701299
0.053278689
0.007731959
0.181102362
0.052104208
0.044817927
0.008108108
0.04887218
0.008862629
0.057722309
0.02507837
0.070866142
0.034883721
0.047722343
0.04
0.058495822
0.018604651
0.061588331
0.054517134
0.029925187
0.011135857
0.023853211
0.0781893
0.016091954
0.018939394
0.017013233
0.063529412
0.029535865
0.052208835
0.040816327
0.03902439
0.026737968
0.027027027
0.025423729
0.113445378
0.065989848
0.10940919
0.016393443
0.04387292
0.030418251
0.01584507
0.014784946
0.007853403
0.007961783
0.014675052
0.00755287
0.061904762
0.017241379
0.017283951
0.023419204
0.021126761
0.063356164
0.010324484
0.014018692
0.010071942
0.01734104
0.0221843
0.068
0.019283747
0.018214936
0.069832402
0.032986111
0.010373444
0.049090909
0.011090573
0.043564356
0.075098814
0.049586777
0.071428571
0.036101083
0.045031056
0.020155039
0.014705882
0.059541985
0.026315789
0.04787234
0.031331593
0.01611279
0.027237354
0.015037594
0.013182674
0.00947226
0.006729475
0.117857143
0.028697572
0.022026432
0.076320939
0.034722222
0.042105263
0.039049236
0.029147982
0.05952381
0.095152603
0.041825095
0.029684601
0.100529101
0.081803005
0.011520737
0.053140097
0.040114613
0.028571429
0.013729977
0.051111111
0.019138756
0.034090909
0.012953368
0.013618677
0.023952096
0.010309278
0.044776119
0.016326531
0.014466546
0.014245014
0.015521064
0.019323671
0.033464567
0.030732861
0.011261261
0.013667426
0.068807339
0.050938338
0.081206497
0.026190476
0.028753994
0.053117783
0.09223301
0.073846154
0.020356234
0.10460251
0.074235808
0.053571429
0.041570439
0.015706806
0.282014388
0.254047323
0.018691589
0.287526427
0.016372796
0.021164021
0.270029674
0.018394649
0.315231788
0.293736501
0.101748808
0.015602837
0.04964539
0.014319809
0.045833333
0.120092379
0.074441687
0.020881671
0.081433225
0.052873563
0.030791789
0.055649241
0.055825243
0.02467344
0.036423841
0.023688663
0.05019305
0.039215686
0.015625
0.03117207
0.043396226
0.049036778
0.030065359
0.019543974
0.018181818
0.021630616
0.031296572
0.059171598
0.047477745
0.038412292
0.011111111
0.032520325
0.00728863
0.058295964
0.013333333
0.014414414
0.028052805
0.027322404
0.024154589
0.038834951
0.028846154
0.021621622
0.341812401
0.083700441
0.063414634
0.041786744
0.173584906
0.015686275
0.023136247
0.140115163
0.360774818
0.005827506
0.332214765
0.069135802
0.117294521
0.05227882
0.132978723
0.014157014
0.017379679
0.01946472
0.125490196
0.043290043
0.063583815
0.031700288
0.060669456
0.056603774
0.325681492
0.005722461
0.115515289
0.342706503
0.367816092
0.348066298
0.325925926
0.014313598
0.367762688
0.348272642
0.014115092
0.010519395
0.01443299
0.053691275
0.073033708
0.014981273
0.063583815
0.041994751
0.106796117
0.021361816
0.017391304
0.083487941
0.03180212
0.039337474
0.074554295
0.056680162
0.044169611
0.059288538
0.057777778
0.091106291
0.076923077
0.028301887
0.025056948
0.019017433
0.012759171
0.02994012
0.026957638
0.01754386
0.019031142
0.087866109
0.01744186
0.0124533
0.013289037
0.03514377
0.012326656
0.072669826
0.014553015
0.033925687
0.026239067
0.010775862
0.056985294
0.025889968
0.009815951
0.00794702
0.024096386
0.008592911
0.027950311
0.032716927
0.068848758
0.012066365
0.009324009
0.007496252
0.022148394
0.013550136
0.116883117
0.027142857
0.022641509
0.042372881
0.007566204
0.007717751
0.010086455
0.013559322
0.020467836
0.010428737
0.021406728
0.012195122
0.085365854
0.013888889
0.063829787
0.033816425
0.014409222
0.019900498
0.080789946
0.051039698
0.015037594
0.0625
0.014619883
0.012084592
0.013227513
0.021699819
0.015452539
0.010115607
0.02173913
0.021568627
0.01744186
0.017826825
0.132978723
0.154213037
0.117400419
0.116089613
0.016333938
0.01084991
0.018036072
0.028880866
0.011235955
0.039877301
0.011299435
0.020952381
0.015
0.029100529
0.023809524
0.043227666
0.014285714
0.042821159
0.041712404
0.015471167
0.045882353
0.014304291
0.018469657
0.015609756
0.03030303
0.023758099
0.044642857
0.046827795
0.013157895
0.025316456
0.012035011
0.027090695
0.009720535
0.046332046
0.011661808
0.017123288
0.045889101
0.012962963
0.014388489
0.012195122
0.01618705
0.019064125
0.012474012
0.031413613
0.011764706
0.016320475
0.037135279
0.046511628
0.015060241
0.042622951
0.044728435
0.039252336
0.051696284
0.025210084
0.040776699
0.028957529
0.044585987
0.011627907
0.014051522
0.01236476
0.042990654
0.036144578
0.031096563
0.066666667
0.018621974
0.033766234
0.018957346
0.057096248
0.018292683
0.016528926
0.016528926
0.053422371
0.018041237
0.012517385
0.049180328
0.048611111
0.020864382
0.011379801
0.011278195
0.019230769
0.023765996
0.022966507
0.020179372
0.295652174
0.013824885
0.043668122
0.068627451
0.472035794
0.034836066
0.047227926
0.023809524
0.022222222
0.037234043
0.021361816
0.013254786
0.053846154
0.025356577
0.015151515
0.026859504
0.008896797
0.022
0.033923304
0.024691358
0.014164306
0.038851351
0.010324484
0.029585799
0.023012552
0.032482599
0.011093502
0.014204545
0.01082544
0.033766234
0.057777778
0.016233766
0.013945857
0.082887701
0.051630435
0.007092199
0.011435832
0.021276596
0.073394495
0.042283298
0.011157601
0.012820513
0.009473684
0.007067138
0.01511335
0.00872093
0.023904382
0.028145695
0.034653465
0.009237875
0.025801953
0.006086957
0.009067358
0.021008403
0.0094451
0.015472313
0.069627851
0.00623053
0.007820832
0.008789063
0.012884753
0.018723994
0.060862215
0.020467836
0.007063572
0.144024515
0.048821549
0.031473534
0.021806854
0.037037037
0.04743083
0.009852217
0.017473118
0.028761062
0.042622951
0.01317716
0.01980198
0.060959792
0.017456359
0.011075949
0.052160954
0.022530329
0.016
0.029752066
0.015517241
0.02764977
0.024518389
0.028037383
0.018232819
0.009345794
0.017488076
0.016891892
0.018421053
0.011396011
0.025174825
0.023381295
0.031578947
0.033936652
0.027472527
0.043478261
0.019379845
0.066037736
0.010050251
0.042813456
0.016
0.026845638
0.037533512
0.037249284
0.037356322
0.016348774
0.041791045
0.024539877
0.014705882
0.026946108
0.0609319
0.033548387
0.019607843
0.009929078
0.076433121
0.103498542
0.018099548
0.017482517
0.0096
0.018789144
0.072485207
0.070548712
0.012433393
0.014326648
0.051282051
0.039421813
0.059440559
0.018927445
0.087221095
0.015831135
0.020380435
0.007352941
0.024804178
0.006443299
0.040816327
0.014144272
0.061521253
0.014248705
0.005952381
0.012629162
0.01754386
0.022690438
0.018639798
0.011841326
0.012569832
0.011315417
0.089162183
0.015037594
0.009402283
0.016865777
0.007367716
0.007554297
0.013173653
0.012944984
0.014893617
0.021907216
0.059340659
0.015710383
0.026069519
0.061426684
0.013409962
0.020228672
0.034965035
0.049689441
0.042105263
0.09561753
0.108856089
0.01285347
0.061571125
0.0375
0.014141414
0.057736721
0.016227181
0.076086957
0.011142061
0.036036036
0.098540146
0.077966102
0.128571429
0.024390244
0.023668639
0.311897106
0.012106538
0.036931818
0.058189655
0.024193548
0.019590383
0.017681729
0.016408387
0.027372263
0.018716578
0.014336918
0.009478673
0.017114914
0.010752688
0.007246377
0.015789474
0.029535865
0.027058824
0.023869347
0.034285714
0.008433735
0.026548673
0.023508137
0.024390244
0.066055046
0.053537285
0.019685039
0.042671614
0.019077901
0.058064516
0.022556391
0.039447732
0.012820513
0.015384615
0.013910355
0.039175258
0.03358209
0.074265976
0.030701754
0.018711019
0.013986014
0.010600707
0.098786828
0.019969278
0.008818342
0.018675722
0.018258427
0.009055627
0.01179941
0.035598706
0.026845638
0.027472527
0.01529052
0.034578147
0.00698324
0.046676096
0.017751479
0.020920502
0.020618557
0.009375
0.07079646
0.01294964
0.045592705
0.019379845
0.009708738
0.06996587
0.024767802
0.020033389
0.025
0.02907916
0.016344725
0.007320644
0.010590015
0.007142857
0.010526316
0.110248447
0.143106457
0.070707071
0.060194175
0.047709924
0.040128411
0.010676157
0.00748503
0.037096774
0.201210287
0.015015015
0.047227926
0.032036613
0.040336134
0.026086957
0.016293279
0.078212291
0.012987013
0.062370062
0.01635514
0.014545455
0.083507307
0.020806242
0.019955654
0.013157895
0.042735043
0.0625
0.050505051
0.026168224
0.082840237
0.088607595
0.114173228
0.143382353
0.048582996
0.040372671
0.019950125
0.042801556
0.101214575
0.029315961
0.015665796
0.019672131
0.084668192
0.13559322
0.042372881
0.086309524
0.147619048
0.067567568
0.012594458
0.044776119
0.135555556
0.067961165
0.14379085
0.042105263
0.05075188
0.043137255
0.014059754
0.018018018
0.009925558
0.022968198
0.013207547
0.006793478
0.022503516
0.032394366
0.090062112
0.026639344
0.089430894
0.03030303
0.06993007
0.213903743
0.013358779
0.011160714
0.015968064
0.051339286
0.017902813
0.01734104
0.015355086
0.083743842
0.018547141
0.070175439
0.025531915
0.008421053
0.020642202
0.022988506
0.042718447
0.051114024
0.045751634
0.07249467
0.009104704
0.00913242
0.015197568
0.017955801
0.045676998
0.013586957
0.031830239
0.036964981
0.032332564
0.016393443
0.014457831
0.02383532
0.106666667
0.008823529
0.096456693
0.123778502
0.150176678
0.046653144
0.010733453
0.118491921
0.081664099
0.128964059
0.026642984
0.03163017
0.052173913
0.013015184
0.011437908
0.037362637
0.014388489
0.031377899
0.054775281
0.013959391
0.010688836
0.067982456
0.017283951
0.134001823
0.010604454
0.00908059
0.017182131
0.109149278
0.009983361
0.114149822
0.021961933
0.021925643
0.031593407
0.034946237
0.021201413
0.02866242
0.017921147
0.036090226
0.015306122
0.013349515
0.014925373
0.008064516
0.026200873
0.030737705
0.010917031
0.040449438
0.011070111
0.050505051
0.015503876
0.020547945
0.029315961
0.018292683
0.025380711
0.005319149
0.012561061
0.011976048
0.007430998
0.029380902
0.025510204
0.022908367
0.009501188
0.015358362
0.01504788
0.02739726
0.013888889
0.01146789
0.012216405
0.010971787
0.019748654
0.018018018
0.05
0.014553015
0.016
0.020408163
0.022767075
0.009459459
0.040963855
0.087336245
0.033112583
0.047916667
0.027586207
0.011396011
0.022883295
0.023602484
0.019202363
0.012761021
0.016170213
0.00933908
0.058083253
0.011019284
0.01048951
0.006529851
0.010587103
0.027292576
0.006081081
0.009146341
0.009379509
0.02617801
0.019756839
0.021108179
0.012589928
0.014675052
0.02970297
0.021582734
0.019704433
0.012793177
0.058096415
0.009615385
0.024115756
0.0703125
0.087403599
0.024464832
0.037190083
0.051282051
0.025641026
0.036253776
0.090909091
0.038626609
0.021341463
0.013157895
0.067010309
0.013358779
0.023593466
0.057291667
0.017208413
0.011520737
0.019021739
0.016786571
0.022099448
0.023529412
0.100189036
0.022666667
0.016701461
0.035984848
0.068047337
0.015358362
0.056074766
0.008090615
0.054086538
0.009049774
0.01793722
0.012461059
0.047337278
0.024064171
0.058027079
0.016691958
0.045889101
0.009771987
0.053872054
0.02617801
0.078085642
0.05108055
0.026223776
0.063309353
0.012371134
0.036211699
0.014767932
0.01980198
0.024793388
0.010920437
0.195020747
0.020876827
0.020900322
0.023017903
0.018232819
0.053225806
0.017492711
0.021381579
0.008888889
0.022614841
0.209339775
0.00829302
0.064275037
0.043132804
0.010845987
0.009909166
0.019741838
0.013148283
0.011619463
0.005602241
0.014637904
0.009708738
0.071359691
0.023321555
0.058052434
0.024144869
0.042536736
0.050623624
0.010350318
0.018720749
0.006612785
0.006144393
0.011084719
0.017897092
0.129740519
0.038690476
0.014314928
0.023323615
0.066002491
0.035502959
0.147403685
0.041204437
0.012048193
0.014522822
0.012779553
0.015471167
0.056451613
0.058651026
0.018691589
0.039473684
0.086419753