0.029239766
0.02360515
0.011363636
0.008791209
0.037388393
0.027352298
0.025993884
0.014732965
0.079161816
0.175637394
0.371202114
0.377091377
0.179378531
0.147627417
0.086185044
0.087649402
0.008510638
0.011713031
0.107728337
0.009708738
0.041467305
0.023210832
0.049475262
0.04261796
0.015564202
0.043478261
0.014084507
0.033205619
0.036649215
0.013254786
0.01969697
0.023980815
0.073170732
0.040789474
0.014066496
0.171554252
0.024096386
0.173722628
0.017741935
0.009859886
0.02866242
0.010012516
0.014002334
0.020531401
0.032663317
0.038617886
0.015204678
0.017427386
0.009655172
0.025089606
0.013103298
0.109785203
0.038856305
0.029711375
0.009565217
0.011389522
0.020122485
0.02293578
0.014611087
0.117472119
0.010899183
0.041415663
0.057761733
0.271484375
0.056561086
0.050561798
0.267477204
0.043841336
0.036821705
0.0625
0.039164491
0.059183673
0.042769857
0.016728625
0.021696252
0.044169611
0.057565789
0.219869707
0.058754407
0.02852349
0.010269576
0.012403101
0.024714829
0.022421525
0.055555556
0.023228804
0.034482759
0.008866995
0.02292769
0.011688312
0.015037594
0.013257576
0.024642289
0.019920319
0.035639413
0.012924071
0.013910355
0.393115942
0.132379249
0.035767511
0.110795455
0.023977433
0.024856597
0.085616438
0.090534979
0.021220159
0.068716094
0.012944984
0.012320329
0.200421941
0.045741325
0.012232416
0.012409514
0.018563358
0.024390244
0.014245014
0.206540448
0.018979834
0.092161017
0.01171875
0.021321962
0.00871731
0.021403092
0.032941176
0.025886865
0.037908497
0.080779944
0.027142857
0.080145719
0.033950617
0.017353579
0.057268722
0.027108434
0.109090909
0.124760077
0.012681159
0.021341463
0.02200489
0.269565217
0.18115942
0.049281314
0.14893617
0.051829268
0.034321373
0.056208054
0.021126761
0.070259865
0.017241379
0.015625
0.01594533
0.032702238
0.020790021
0.153658537
0.090523338
0.058951965
0.013266998
0.108766234
0.019653179
0.007444169
0.086
0.117370892
0.054545455
0.082503556
0.007220217
0.066901408
0.110671937
0.010507881
0.090521832
0.058673469
0.093856655
0.077248677
0.024096386
0.071614583
0.257364341
0.030162413
0.01946472
0.05078125
0.050505051
0.041254125
0.25
0.030197445
0.228527607
0.045548654
0.036717063
0.009389671
0.028985507
0.028099174
0.088566828
0.04
0.05952381
0.141323792
0.009408602
0.019017433
0.118571429
0.035252644
0.02364395
0.013615734
0.103658537
0.011178862
0.015775635
0.026771654
0.024657534
0.033670034
0.057539683
0.046666667
0.104615385
0.049707602
0.038288288
0.019386107
0.238425926
0.031390135
0.018156425
0.036450079
0.065743945
0.019337017
0.087044534
0.019607843
0.065882353
0.039189189
0.046610169
0.013661202
0.012903226
0.046620047
0.031897927
0.017664377
0.008567931
0.019070322
0.018382353
0.024221453
0.023131673
0.045986622